{"mat": [[1.0, 0.16794031293829748, 0.0, -0.10662144327351064, 0.0, 0.15373133979498244, 0.5364640696710794, 0.5768555737369281, 0.0, 0.28200749916640944, 0.0, 0.18244286191004955, 0.0, 0.17154641791783543, 0.4746255124177108, 0.1481494476324966, -0.13019671480762396, -0.13956797502506757, 0.0, 0.2248774439179555, 0.0, 0.0, 0.0, 0.0, 0.0, 0.3755451111254591, 0.0, -0.15419535130444872, 0.11234575510159428, 0.0, 0.0, 0.18268277781826492, 0.37343260895261055, 0.4317031792499909, 0.0, 0.0, 0.0], [0.16794031293829748, 1.0, 0.0, -0.16605481443996317, 0.0, 0.0, 0.17984646216176758, 0.16032624627776648, 0.28857276207498805, 0.28047472772411597, 0.0, 0.0, 0.0, 0.0, 0.18815924708820808, 0.10660114585456337, -0.1674417860501125, -0.13710408342833702, 0.0, 0.12418275557193625, 0.19449271806008683, 0.0, 0.10304603063546236, 0.10022385411992052, -0.15296912717313416, 0.0, -0.12420987315231491, -0.10166130412039975, 0.0, -0.17416092756131119, -0.1377024462538392, 0.2258421635291592, 0.12142814551058911, 0.21378351723112632, 0.0, 0.28108427975226646, 0.0], [0.0, 0.0, 1.0, 0.0, 0.0, 0.0, 0.0, 0.0, 0.0, 0.12859238126217276, 0.0, 0.0, 0.18856333671444192, 0.0, 0.0, 0.0, -0.16654143602550597, -0.11217238879302927, 0.12761842490937414, 0.0, 0.0, 0.13799102695108134, 0.0, 0.2614246545206662, -0.10427337891281319, 0.0, -0.13183979214544905, -0.14288341554281714, 0.0, 0.0, -0.14575714113608784, 0.0, 0.0, 0.0, 0.29236558508598987, 0.21205153085926454, 0.0], [-0.10662144327351064, -0.16605481443996317, 0.0, 1.0, 0.5208816891702195, 0.0, 0.0, 0.0, -0.12090664634855441, -0.14977454547257096, -0.10239304061380805, 0.0, 0.0, -0.1308986158525911, 0.0, -0.16857108172026725, 0.820301085390582, 0.5197118409972278, -0.1045250752668454, 0.0, 0.0, -0.2233456548627899, -0.10356611942307903, 0.0, 0.49469248079518646, 0.0, 0.4637283028287734, 0.481039755681719, 0.0, 0.5736729206519594, 0.3070774276840713, -0.17160478979742688, 0.0, -0.1700582416025722, 0.0, -0.2007699165274892, -0.11178560956735639], [0.0, 0.0, 0.0, 0.5208816891702195, 1.0, 0.0, 0.0, 0.0, -0.1104184293355861, 0.0, -0.11982225823318449, 0.13550515390157236, 0.0, 0.0, 0.0, 0.0, 0.4629521891221162, 0.36174308994376014, 0.0, 0.0, 0.0, 0.0, 0.0, 0.0, 0.26601425143620994, 0.0, 0.3450869597223307, 0.35190225735631575, 0.0, 0.4248028441595566, 0.20412370113755152, 0.0, 0.0, -0.17805262288508472, 0.0, 0.0, -0.16652144186480888], [0.15373133979498244, 0.0, 0.0, 0.0, 0.0, 1.0, 0.10729077216290461, 0.0, 0.3358329989100588, 0.0, 0.4123563339852526, 0.0, 0.0, 0.10337364726945941, 0.0, 0.0, 0.0, 0.0, 0.0, 0.20460008536652308, 0.0, 0.0, 0.35657087012858546, 0.0, 0.0, 0.0, 0.0, 0.0, 0.2276473028072421, 0.0, 0.0, 0.14299164267660625, 0.0, 0.0, -0.12877763519539087, -0.11214635638559978, 0.19041519334974955], [0.5364640696710794, 0.17984646216176758, 0.0, 0.0, 0.0, 0.10729077216290461, 1.0, 0.5622274295131878, 0.10004650486164213, 0.35758774852483, 0.16080080074287906, 0.1577026479811341, 0.0, 0.11780043850694688, 0.6343417896643856, 0.1937477588900427, -0.11199461670942057, 0.0, 0.10041436976172047, 0.26528501908537394, 0.104014435921022, 0.0, 0.0, 0.0, 0.0, 0.5181577678222111, 0.0, -0.1204111702356434, 0.21272931407887485, 0.0, 0.0, 0.31103000711143314, 0.43960916978931575, 0.24513066854315557, 0.0, 0.0, 0.0], [0.5768555737369281, 0.16032624627776648, 0.0, 0.0, 0.0, 0.0, 0.5622274295131878, 1.0, 0.0, 0.43387430615683154, -0.12480339611316316, 0.0, 0.11203890333476885, 0.17389638358173187, 0.597706622647697, 0.13228247402781323, -0.1151962412110612, -0.14933027545720567, 0.0, 0.0, 0.1831782743937851, 0.0, 0.0, 0.0, -0.11322531088595977, 0.42844807356730064, -0.13953293433415626, 0.0, 0.0, 0.0, -0.11243033745655051, 0.19888679321395042, 0.3998959931197037, 0.3835815510811178, 0.0, 0.0, 0.0], [0.0, 0.28857276207498805, 0.0, -0.12090664634855441, -0.1104184293355861, 0.3358329989100588, 0.10004650486164213, 0.0, 1.0, 0.22979919371203594, 0.15892576680289894, 0.0, 0.16596429453432515, 0.0, 0.0, 0.3041354381214023, 0.0, -0.10087142291723716, 0.0, 0.3280244788369775, 0.0, 0.0, 0.2391107286496874, 0.0, 0.0, 0.0, 0.0, 0.0, 0.1416488537127717, -0.13558539078080578, 0.0, 0.35504314066995524, 0.0, -0.10567121288661263, 0.0, 0.1585533075406954, 0.14764879086928606], [0.28200749916640944, 0.28047472772411597, 0.12859238126217276, -0.14977454547257096, 0.0, 0.0, 0.35758774852483, 0.43387430615683154, 0.22979919371203594, 1.0, 0.0, 0.16049791999430818, 0.0, 0.0, 0.2694881509588538, 0.15710555890223699, -0.1840559783652651, -0.23868573831273876, 0.0, 0.10392440207416964, 0.13662825968921055, 0.0, 0.0, 0.0, -0.17486400483150133, 0.1710475992071544, -0.22268749372257757, -0.17540160954588524, 0.0, -0.14948402717317344, -0.19919396438668424, 0.3358639110520838, 0.3050451456467713, 0.334811366964342, 0.0, 0.0, 0.0], [0.0, 0.0, 0.0, -0.10239304061380805, -0.11982225823318449, 0.4123563339852526, 0.16080080074287906, -0.12480339611316316, 0.15892576680289894, 0.0, 1.0, 0.0, 0.0, 0.0, 0.0, 0.2879655087109886, 0.0, 0.0, 0.0, 0.24190760477586593, 0.0, 0.0, 0.10649645518556217, -0.10515717567643246, 0.0, 0.0, 0.0, 0.0, 0.43010833896995826, 0.0, 0.0, 0.0, 0.0, 0.0, -0.11506289707043216, 0.0, 0.2770837435889616], [0.18244286191004955, 0.0, 0.0, 0.0, 0.13550515390157236, 0.0, 0.1577026479811341, 0.0, 0.0, 0.16049791999430818, 0.0, 1.0, 0.27839165585627135, 0.0, 0.10089327476035326, 0.0, 0.0, 0.0, 0.19607709647680205, 0.0, 0.23199934411992162, 0.0, 0.24014554894040296, 0.3985383322744198, 0.0, 0.0, 0.0, 0.0, 0.10195038209339846, 0.0, 0.0, 0.2233626470241865, 0.16999279393835653, 0.14050251439955475, 0.34309992433253833, 0.22629217253394307, 0.0], [0.0, 0.0, 0.18856333671444192, 0.0, 0.0, 0.0, 0.0, 0.11203890333476885, 0.16596429453432515, 0.0, 0.0, 0.27839165585627135, 1.0, -0.13423795543153472, 0.0, 0.14624758327898468, 0.0, 0.0, 0.24818680256813797, 0.0, 0.40800311549509316, 0.0, 0.24731749786674095, 0.5383241167342084, 0.0, 0.0, -0.10143025072240075, 0.0, 0.0, 0.0, -0.10745949864996995, 0.0, 0.0, 0.0, 0.5615964994713804, 0.22348376389674285, 0.0], [0.17154641791783543, 0.0, 0.0, -0.1308986158525911, 0.0, 0.10337364726945941, 0.11780043850694688, 0.17389638358173187, 0.0, 0.0, 0.0, 0.0, -0.13423795543153472, 1.0, 0.129360437385031, 0.0, -0.13159020730055215, -0.1398807324861946, 0.0, 0.0, 0.0, 0.22635509409109256, 0.0, -0.10763717890798974, 0.0, 0.26753750030083556, 0.0, -0.10299065106897887, 0.0, -0.12897723830594732, 0.0, 0.21599859488015438, 0.10821037654135246, 0.0, 0.0, 0.0, 0.0], [0.4746255124177108, 0.18815924708820808, 0.0, 0.0, 0.0, 0.0, 0.6343417896643856, 0.597706622647697, 0.0, 0.2694881509588538, 0.0, 0.10089327476035326, 0.0, 0.129360437385031, 1.0, 0.0, 0.0, 0.0, 0.0, 0.19434853359701287, 0.0, 0.0, 0.11833406079750763, 0.0, 0.0, 0.47288615021429226, 0.0, 0.0, 0.16898296154655557, 0.0, 0.0, 0.38438943141204107, 0.41851789253785854, 0.2048719264407015, 0.0, 0.0, 0.0], [0.1481494476324966, 0.10660114585456337, 0.0, -0.16857108172026725, 0.0, 0.0, 0.1937477588900427, 0.13228247402781323, 0.3041354381214023, 0.15710555890223699, 0.2879655087109886, 0.0, 0.14624758327898468, 0.0, 0.0, 1.0, -0.11398224476471897, -0.23328165749536112, 0.32648042755040785, 0.1099607039473357, 0.2073749044383002, 0.0, 0.2745800051804712, 0.29566556234233055, -0.20987532406579135, 0.0, -0.1509602465351012, -0.10629525894603975, 0.20672332574594798, -0.21626674240828359, -0.16252985595885638, 0.16240939344078176, 0.0, 0.0, 0.15600431112609492, 0.3714130090314848, 0.36719577585925567], [-0.13019671480762396, -0.1674417860501125, -0.16654143602550597, 0.820301085390582, 0.4629521891221162, 0.0, -0.11199461670942057, -0.1151962412110612, 0.0, -0.1840559783652651, 0.0, 0.0, 0.0, -0.13159020730055215, 0.0, -0.11398224476471897, 1.0, 0.5074890911929839, -0.11216776241870807, 0.0, 0.0, -0.19617893009375909, -0.11991634631419479, 0.0, 0.5101448779609828, -0.10081250396982244, 0.5040162759822775, 0.4939871471155266, 0.0, 0.5470047205736179, 0.3208205021546453, -0.15560434885778274, -0.10306399519744813, -0.20228064642611665, 0.0, -0.1702088451694057, 0.0], [-0.13956797502506757, -0.13710408342833702, -0.11217238879302927, 0.5197118409972278, 0.36174308994376014, 0.0, 0.0, -0.14933027545720567, -0.10087142291723716, -0.23868573831273876, 0.0, 0.0, 0.0, -0.1398807324861946, 0.0, -0.23328165749536112, 0.5074890911929839, 1.0, -0.17696236377575447, 0.0, 0.0, -0.2305431853872193, -0.10415429253405772, -0.12706483754203868, 0.5006167304046584, 0.0, 0.6401722740819481, 0.5541060320781884, 0.0, 0.5882883791449866, 0.4804796337131575, -0.19244828176353534, -0.129812514207305, -0.17664933199720156, -0.1785919409527541, -0.25966734677552883, 0.0], [0.0, 0.0, 0.12761842490937414, -0.1045250752668454, 0.0, 0.0, 0.10041436976172047, 0.0, 0.0, 0.0, 0.0, 0.19607709647680205, 0.24818680256813797, 0.0, 0.0, 0.32648042755040785, -0.11216776241870807, -0.17696236377575447, 1.0, 0.0, 0.16787756468534387, 0.23393261524519238, 0.20168001397271584, 0.48125144544377507, -0.17728295406679795, 0.0, -0.1390071860200761, -0.15400612181318896, 0.0, -0.11019307667865785, -0.17961534599624374, 0.15963439961234482, 0.0, 0.0, 0.43840619113106205, 0.2529357197634321, 0.0], [0.2248774439179555, 0.12418275557193625, 0.0, 0.0, 0.0, 0.20460008536652308, 0.26528501908537394, 0.0, 0.3280244788369775, 0.10392440207416964, 0.24190760477586593, 0.0, 0.0, 0.0, 0.19434853359701287, 0.1099607039473357, 0.0, 0.0, 0.0, 1.0, 0.11601799726669038, 0.11194413765279243, 0.0, -0.12080060298428408, 0.0, 0.19331643730877612, 0.0, 0.11942725374304264, 0.1771181869699271, 0.0, 0.0, 0.2122524622968237, 0.11098304841396278, 0.0, -0.14876460517296297, -0.1508737762493626, 0.0], [0.0, 0.19449271806008683, 0.0, 0.0, 0.0, 0.0, 0.104014435921022, 0.1831782743937851, 0.0, 0.13662825968921055, 0.0, 0.23199934411992162, 0.40800311549509316, 0.0, 0.0, 0.2073749044383002, 0.0, 0.0, 0.16787756468534387, 0.11601799726669038, 1.0, 0.0, 0.16791077435824642, 0.3194261379192065, -0.12991475414247455, 0.0, -0.12062455506959724, 0.0, 0.17326804732780654, 0.0, -0.14009653751361872, 0.1320867433301537, 0.0, 0.0, 0.27184089826418656, 0.19759510136408232, 0.259066344005109], [0.0, 0.0, 0.13799102695108134, -0.2233456548627899, 0.0, 0.0, 0.0, 0.0, 0.0, 0.0, 0.0, 0.0, 0.0, 0.22635509409109256, 0.0, 0.0, -0.19617893009375909, -0.2305431853872193, 0.23393261524519238, 0.11194413765279243, 0.0, 1.0, 0.0, 0.0, 0.0, 0.0, -0.16943054803099766, -0.19420814649151907, 0.0, -0.19799560512601677, -0.1406437397741771, 0.11647534139549054, 0.12139867941387195, 0.0, 0.0, 0.0, 0.0], [0.0, 0.10304603063546236, 0.0, -0.10356611942307903, 0.0, 0.35657087012858546, 0.0, 0.0, 0.2391107286496874, 0.0, 0.10649645518556217, 0.24014554894040296, 0.24731749786674095, 0.0, 0.11833406079750763, 0.2745800051804712, -0.11991634631419479, -0.10415429253405772, 0.20168001397271584, 0.0, 0.16791077435824642, 0.0, 1.0, 0.341109521313552, -0.11254532782376359, 0.0, 0.0, 0.0, 0.19796104119531133, 0.0, -0.13915388272144824, 0.27887811457874534, 0.0, 0.0, 0.18097297187356642, 0.22349347571304268, 0.0], [0.0, 0.10022385411992052, 0.2614246545206662, 0.0, 0.0, 0.0, 0.0, 0.0, 0.0, 0.0, -0.10515717567643246, 0.3985383322744198, 0.5383241167342084, -0.10763717890798974, 0.0, 0.29566556234233055, 0.0, -0.12706483754203868, 0.48125144544377507, -0.12080060298428408, 0.3194261379192065, 0.0, 0.341109521313552, 1.0, 0.0, 0.0, 0.0, -0.1054813053146717, 0.0, 0.0, -0.11445451107129623, 0.0, 0.0, 0.0, 0.7310420370412171, 0.4933830040149262, 0.0], [0.0, -0.15296912717313416, -0.10427337891281319, 0.49469248079518646, 0.26601425143620994, 0.0, 0.0, -0.11322531088595977, 0.0, -0.17486400483150133, 0.0, 0.0, 0.0, 0.0, 0.0, -0.20987532406579135, 0.5101448779609828, 0.5006167304046584, -0.17728295406679795, 0.0, -0.12991475414247455, 0.0, -0.11254532782376359, 0.0, 1.0, 0.0, 0.6617141926118908, 0.454927845294953, 0.1446473586086957, 0.5677898431483173, 0.4388737215872176, -0.21458352404809222, 0.0, -0.1511785035696136, -0.1003963656872573, -0.22759570123083583, -0.11538308198525371], [0.3755451111254591, 0.0, 0.0, 0.0, 0.0, 0.0, 0.5181577678222111, 0.42844807356730064, 0.0, 0.1710475992071544, 0.0, 0.0, 0.0, 0.26753750030083556, 0.47288615021429226, 0.0, -0.10081250396982244, 0.0, 0.0, 0.19331643730877612, 0.0, 0.0, 0.0, 0.0, 0.0, 1.0, 0.0, -0.10350033494062916, 0.0, 0.0, 0.0, 0.261215422819407, 0.2969075589801252, 0.31702992431832955, -0.12814620436126756, 0.0, 0.0], [0.0, -0.12420987315231491, -0.13183979214544905, 0.4637283028287734, 0.3450869597223307, 0.0, 0.0, -0.13953293433415626, 0.0, -0.22268749372257757, 0.0, 0.0, -0.10143025072240075, 0.0, 0.0, -0.1509602465351012, 0.5040162759822775, 0.6401722740819481, -0.1390071860200761, 0.0, -0.12062455506959724, -0.16943054803099766, 0.0, 0.0, 0.6617141926118908, 0.0, 1.0, 0.48767147258756716, 0.14187659325831448, 0.603425606725598, 0.6008569014690589, -0.17847638607454175, 0.0, -0.16407343232411442, -0.13508533270768974, -0.19497579202487691, -0.10721698034849503], [-0.15419535130444872, -0.10166130412039975, -0.14288341554281714, 0.481039755681719, 0.35190225735631575, 0.0, -0.1204111702356434, 0.0, 0.0, -0.17540160954588524, 0.0, 0.0, 0.0, -0.10299065106897887, 0.0, -0.10629525894603975, 0.4939871471155266, 0.5541060320781884, -0.15400612181318896, 0.11942725374304264, 0.0, -0.19420814649151907, 0.0, -0.1054813053146717, 0.454927845294953, -0.10350033494062916, 0.48767147258756716, 1.0, 0.0, 0.35798500926150145, 0.35077662028708134, -0.1847011542922674, 0.0, -0.14625989665656314, -0.12554280258122286, -0.23057113504388504, 0.0], [0.11234575510159428, 0.0, 0.0, 0.0, 0.0, 0.2276473028072421, 0.21272931407887485, 0.0, 0.1416488537127717, 0.0, 0.43010833896995826, 0.10195038209339846, 0.0, 0.0, 0.16898296154655557, 0.20672332574594798, 0.0, 0.0, 0.0, 0.1771181869699271, 0.17326804732780654, 0.0, 0.19796104119531133, 0.0, 0.1446473586086957, 0.0, 0.14187659325831448, 0.0, 1.0, 0.10230078747682625, 0.1428843691597277, 0.14341901928918888, 0.0, 0.0, 0.0, 0.0, 0.1393114352018564], [0.0, -0.17416092756131119, 0.0, 0.5736729206519594, 0.4248028441595566, 0.0, 0.0, 0.0, -0.13558539078080578, -0.14948402717317344, 0.0, 0.0, 0.0, -0.12897723830594732, 0.0, -0.21626674240828359, 0.5470047205736179, 0.5882883791449866, -0.11019307667865785, 0.0, 0.0, -0.19799560512601677, 0.0, 0.0, 0.5677898431483173, 0.0, 0.603425606725598, 0.35798500926150145, 0.10230078747682625, 1.0, 0.4982766753047312, -0.15253494108104237, -0.11176048973923414, -0.16768328550666345, -0.12616867428862677, -0.19746841005024152, -0.11755590069173616], [0.0, -0.1377024462538392, -0.14575714113608784, 0.3070774276840713, 0.20412370113755152, 0.0, 0.0, -0.11243033745655051, 0.0, -0.19919396438668424, 0.0, 0.0, -0.10745949864996995, 0.0, 0.0, -0.16252985595885638, 0.3208205021546453, 0.4804796337131575, -0.17961534599624374, 0.0, -0.14009653751361872, -0.1406437397741771, -0.13915388272144824, -0.11445451107129623, 0.4388737215872176, 0.0, 0.6008569014690589, 0.35077662028708134, 0.1428843691597277, 0.4982766753047312, 1.0, -0.12244739427933715, 0.0, -0.15901340236048545, -0.1732229431364316, -0.19217965809163884, 0.0], [0.18268277781826492, 0.2258421635291592, 0.0, -0.17160478979742688, 0.0, 0.14299164267660625, 0.31103000711143314, 0.19888679321395042, 0.35504314066995524, 0.3358639110520838, 0.0, 0.2233626470241865, 0.0, 0.21599859488015438, 0.38438943141204107, 0.16240939344078176, -0.15560434885778274, -0.19244828176353534, 0.15963439961234482, 0.2122524622968237, 0.1320867433301537, 0.11647534139549054, 0.27887811457874534, 0.0, -0.21458352404809222, 0.261215422819407, -0.17847638607454175, -0.1847011542922674, 0.14341901928918888, -0.15253494108104237, -0.12244739427933715, 1.0, 0.3713022468075756, 0.17007399139380797, 0.0, 0.0, 0.0], [0.37343260895261055, 0.12142814551058911, 0.0, 0.0, 0.0, 0.0, 0.43960916978931575, 0.3998959931197037, 0.0, 0.3050451456467713, 0.0, 0.16999279393835653, 0.0, 0.10821037654135246, 0.41851789253785854, 0.0, -0.10306399519744813, -0.129812514207305, 0.0, 0.11098304841396278, 0.0, 0.12139867941387195, 0.0, 0.0, 0.0, 0.2969075589801252, 0.0, 0.0, 0.0, -0.11176048973923414, 0.0, 0.3713022468075756, 1.0, 0.20508538819151612, 0.0, 0.0, 0.0], [0.4317031792499909, 0.21378351723112632, 0.0, -0.1700582416025722, -0.17805262288508472, 0.0, 0.24513066854315557, 0.3835815510811178, -0.10567121288661263, 0.334811366964342, 0.0, 0.14050251439955475, 0.0, 0.0, 0.2048719264407015, 0.0, -0.20228064642611665, -0.17664933199720156, 0.0, 0.0, 0.0, 0.0, 0.0, 0.0, -0.1511785035696136, 0.31702992431832955, -0.16407343232411442, -0.14625989665656314, 0.0, -0.16768328550666345, -0.15901340236048545, 0.17007399139380797, 0.20508538819151612, 1.0, 0.0, 0.0, 0.0], [0.0, 0.0, 0.29236558508598987, 0.0, 0.0, -0.12877763519539087, 0.0, 0.0, 0.0, 0.0, -0.11506289707043216, 0.34309992433253833, 0.5615964994713804, 0.0, 0.0, 0.15600431112609492, 0.0, -0.1785919409527541, 0.43840619113106205, -0.14876460517296297, 0.27184089826418656, 0.0, 0.18097297187356642, 0.7310420370412171, -0.1003963656872573, -0.12814620436126756, -0.13508533270768974, -0.12554280258122286, 0.0, -0.12616867428862677, -0.1732229431364316, 0.0, 0.0, 0.0, 1.0, 0.2971789740438249, 0.0], [0.0, 0.28108427975226646, 0.21205153085926454, -0.2007699165274892, 0.0, -0.11214635638559978, 0.0, 0.0, 0.1585533075406954, 0.0, 0.0, 0.22629217253394307, 0.22348376389674285, 0.0, 0.0, 0.3714130090314848, -0.1702088451694057, -0.25966734677552883, 0.2529357197634321, -0.1508737762493626, 0.19759510136408232, 0.0, 0.22349347571304268, 0.4933830040149262, -0.22759570123083583, 0.0, -0.19497579202487691, -0.23057113504388504, 0.0, -0.19746841005024152, -0.19217965809163884, 0.0, 0.0, 0.0, 0.2971789740438249, 1.0, 0.0], [0.0, 0.0, 0.0, -0.11178560956735639, -0.16652144186480888, 0.19041519334974955, 0.0, 0.0, 0.14764879086928606, 0.0, 0.2770837435889616, 0.0, 0.0, 0.0, 0.0, 0.36719577585925567, 0.0, 0.0, 0.0, 0.0, 0.259066344005109, 0.0, 0.0, 0.0, -0.11538308198525371, 0.0, -0.10721698034849503, 0.0, 0.1393114352018564, -0.11755590069173616, 0.0, 0.0, 0.0, 0.0, 0.0, 0.0, 1.0]], "links": [], "views": [{"N_row_sum": "all", "dist": "cos", "nodes": {"row_nodes": [{"group": [30.0, 20.0, 15.0, 8.0, 5.0, 4.0, 2.0, 2.0, 1.0, 1.0, 1.0], "name": "A549", "clust": 33, "rank": 34, "ini": 37, "rankvar": 23}, {"group": [35.0, 24.0, 17.0, 9.0, 5.0, 4.0, 2.0, 2.0, 1.0, 1.0, 1.0], "name": "CAL12T", "clust": 25, "rank": 10, "ini": 36, "rankvar": 12}, {"group": [19.0, 11.0, 8.0, 4.0, 2.0, 2.0, 2.0, 2.0, 1.0, 1.0, 1.0], "name": "CALU3", "clust": 9, "rank": 1, "ini": 35, "rankvar": 4}, {"group": [1.0, 1.0, 1.0, 1.0, 1.0, 1.0, 1.0, 1.0, 1.0, 1.0, 1.0], "name": "DMS153", "clust": 3, "rank": 16, "ini": 34, "rankvar": 33}, {"group": [9.0, 3.0, 1.0, 1.0, 1.0, 1.0, 1.0, 1.0, 1.0, 1.0, 1.0], "name": "DMS53", "clust": 0, "rank": 22, "ini": 33, "rankvar": 18}, {"group": [22.0, 14.0, 10.0, 5.0, 3.0, 3.0, 2.0, 2.0, 1.0, 1.0, 1.0], "name": "H1299", "clust": 20, "rank": 14, "ini": 32, "rankvar": 6}, {"group": [28.0, 20.0, 15.0, 8.0, 5.0, 4.0, 2.0, 2.0, 1.0, 1.0, 1.0], "name": "H1355", "clust": 31, "rank": 36, "ini": 31, "rankvar": 24}, {"group": [31.0, 20.0, 15.0, 8.0, 5.0, 4.0, 2.0, 2.0, 1.0, 1.0, 1.0], "name": "H1437", "clust": 34, "rank": 33, "ini": 30, "rankvar": 26}, {"group": [23.0, 15.0, 11.0, 6.0, 3.0, 3.0, 2.0, 2.0, 1.0, 1.0, 1.0], "name": "H1650", "clust": 23, "rank": 20, "ini": 29, "rankvar": 10}, {"group": [26.0, 18.0, 14.0, 8.0, 5.0, 4.0, 2.0, 2.0, 1.0, 1.0, 1.0], "name": "H1666", "clust": 26, "rank": 17, "ini": 28, "rankvar": 22}, {"group": [20.0, 12.0, 9.0, 5.0, 3.0, 3.0, 2.0, 2.0, 1.0, 1.0, 1.0], "name": "H1703", "clust": 21, "rank": 9, "ini": 27, "rankvar": 11}, {"group": [18.0, 10.0, 7.0, 3.0, 2.0, 2.0, 2.0, 2.0, 1.0, 1.0, 1.0], "name": "H1734", "clust": 12, "rank": 32, "ini": 26, "rankvar": 1}, {"group": [14.0, 6.0, 4.0, 3.0, 2.0, 2.0, 2.0, 2.0, 1.0, 1.0, 1.0], "name": "H1781", "clust": 16, "rank": 25, "ini": 25, "rankvar": 14}, {"group": [36.0, 25.0, 18.0, 10.0, 6.0, 4.0, 2.0, 2.0, 1.0, 1.0, 1.0], "name": "H1792", "clust": 35, "rank": 2, "ini": 24, "rankvar": 3}, {"group": [29.0, 20.0, 15.0, 8.0, 5.0, 4.0, 2.0, 2.0, 1.0, 1.0, 1.0], "name": "H1944", "clust": 32, "rank": 35, "ini": 23, "rankvar": 21}, {"group": [10.0, 4.0, 2.0, 2.0, 2.0, 2.0, 2.0, 2.0, 1.0, 1.0, 1.0], "name": "H1975", "clust": 10, "rank": 23, "ini": 22, "rankvar": 17}, {"group": [2.0, 1.0, 1.0, 1.0, 1.0, 1.0, 1.0, 1.0, 1.0, 1.0, 1.0], "name": "H209", "clust": 4, "rank": 12, "ini": 21, "rankvar": 34}, {"group": [5.0, 1.0, 1.0, 1.0, 1.0, 1.0, 1.0, 1.0, 1.0, 1.0, 1.0], "name": "H2106", "clust": 7, "rank": 7, "ini": 20, "rankvar": 36}, {"group": [15.0, 7.0, 4.0, 3.0, 2.0, 2.0, 2.0, 2.0, 1.0, 1.0, 1.0], "name": "H2228", "clust": 15, "rank": 11, "ini": 19, "rankvar": 16}, {"group": [24.0, 16.0, 12.0, 6.0, 3.0, 3.0, 2.0, 2.0, 1.0, 1.0, 1.0], "name": "H23", "clust": 24, "rank": 21, "ini": 18, "rankvar": 2}, {"group": [17.0, 9.0, 6.0, 3.0, 2.0, 2.0, 2.0, 2.0, 1.0, 1.0, 1.0], "name": "H2342", "clust": 13, "rank": 26, "ini": 17, "rankvar": 7}, {"group": [37.0, 26.0, 19.0, 11.0, 6.0, 4.0, 2.0, 2.0, 1.0, 1.0, 1.0], "name": "H2405", "clust": 36, "rank": 0, "ini": 16, "rankvar": 8}, {"group": [11.0, 5.0, 3.0, 2.0, 2.0, 2.0, 2.0, 2.0, 1.0, 1.0, 1.0], "name": "H358", "clust": 11, "rank": 24, "ini": 15, "rankvar": 9}, {"group": [12.0, 6.0, 4.0, 3.0, 2.0, 2.0, 2.0, 2.0, 1.0, 1.0, 1.0], "name": "H441", "clust": 17, "rank": 31, "ini": 14, "rankvar": 27}, {"group": [3.0, 1.0, 1.0, 1.0, 1.0, 1.0, 1.0, 1.0, 1.0, 1.0, 1.0], "name": "H446", "clust": 5, "rank": 15, "ini": 13, "rankvar": 31}, {"group": [32.0, 21.0, 15.0, 8.0, 5.0, 4.0, 2.0, 2.0, 1.0, 1.0, 1.0], "name": "H460", "clust": 30, "rank": 28, "ini": 12, "rankvar": 15}, {"group": [4.0, 1.0, 1.0, 1.0, 1.0, 1.0, 1.0, 1.0, 1.0, 1.0, 1.0], "name": "H524", "clust": 6, "rank": 19, "ini": 11, "rankvar": 35}, {"group": [7.0, 1.0, 1.0, 1.0, 1.0, 1.0, 1.0, 1.0, 1.0, 1.0, 1.0], "name": "H526", "clust": 2, "rank": 8, "ini": 10, "rankvar": 30}, {"group": [21.0, 13.0, 9.0, 5.0, 3.0, 3.0, 2.0, 2.0, 1.0, 1.0, 1.0], "name": "H661", "clust": 22, "rank": 27, "ini": 9, "rankvar": 0}, {"group": [6.0, 1.0, 1.0, 1.0, 1.0, 1.0, 1.0, 1.0, 1.0, 1.0, 1.0], "name": "H69", "clust": 8, "rank": 18, "ini": 8, "rankvar": 32}, {"group": [8.0, 2.0, 1.0, 1.0, 1.0, 1.0, 1.0, 1.0, 1.0, 1.0, 1.0], "name": "H82", "clust": 1, "rank": 6, "ini": 7, "rankvar": 29}, {"group": [27.0, 19.0, 14.0, 8.0, 5.0, 4.0, 2.0, 2.0, 1.0, 1.0, 1.0], "name": "H838", "clust": 27, "rank": 30, "ini": 6, "rankvar": 20}, {"group": [33.0, 22.0, 15.0, 8.0, 5.0, 4.0, 2.0, 2.0, 1.0, 1.0, 1.0], "name": "HCC15", "clust": 29, "rank": 29, "ini": 5, "rankvar": 13}, {"group": [34.0, 23.0, 16.0, 8.0, 5.0, 4.0, 2.0, 2.0, 1.0, 1.0, 1.0], "name": "HCC44", "clust": 28, "rank": 5, "ini": 4, "rankvar": 19}, {"group": [13.0, 6.0, 4.0, 3.0, 2.0, 2.0, 2.0, 2.0, 1.0, 1.0, 1.0], "name": "HCC78", "clust": 18, "rank": 13, "ini": 3, "rankvar": 28}, {"group": [16.0, 8.0, 5.0, 3.0, 2.0, 2.0, 2.0, 2.0, 1.0, 1.0, 1.0], "name": "HCC827", "clust": 14, "rank": 4, "ini": 2, "rankvar": 25}, {"group": [25.0, 17.0, 13.0, 7.0, 4.0, 3.0, 2.0, 2.0, 1.0, 1.0, 1.0], "name": "LOUNH91", "clust": 19, "rank": 3, "ini": 1, "rankvar": 5}], "col_nodes": [{"group": [30.0, 20.0, 15.0, 8.0, 5.0, 4.0, 2.0, 2.0, 1.0, 1.0, 1.0], "name": "A549", "clust": 33, "rank": 34, "ini": 37, "rankvar": 23}, {"group": [35.0, 24.0, 17.0, 9.0, 5.0, 4.0, 2.0, 2.0, 1.0, 1.0, 1.0], "name": "CAL12T", "clust": 25, "rank": 10, "ini": 36, "rankvar": 12}, {"group": [19.0, 11.0, 8.0, 4.0, 2.0, 2.0, 2.0, 2.0, 1.0, 1.0, 1.0], "name": "CALU3", "clust": 9, "rank": 1, "ini": 35, "rankvar": 4}, {"group": [1.0, 1.0, 1.0, 1.0, 1.0, 1.0, 1.0, 1.0, 1.0, 1.0, 1.0], "name": "DMS153", "clust": 3, "rank": 16, "ini": 34, "rankvar": 33}, {"group": [9.0, 3.0, 1.0, 1.0, 1.0, 1.0, 1.0, 1.0, 1.0, 1.0, 1.0], "name": "DMS53", "clust": 0, "rank": 22, "ini": 33, "rankvar": 18}, {"group": [22.0, 14.0, 10.0, 5.0, 3.0, 3.0, 2.0, 2.0, 1.0, 1.0, 1.0], "name": "H1299", "clust": 20, "rank": 14, "ini": 32, "rankvar": 6}, {"group": [28.0, 20.0, 15.0, 8.0, 5.0, 4.0, 2.0, 2.0, 1.0, 1.0, 1.0], "name": "H1355", "clust": 31, "rank": 36, "ini": 31, "rankvar": 24}, {"group": [31.0, 20.0, 15.0, 8.0, 5.0, 4.0, 2.0, 2.0, 1.0, 1.0, 1.0], "name": "H1437", "clust": 34, "rank": 33, "ini": 30, "rankvar": 26}, {"group": [23.0, 15.0, 11.0, 6.0, 3.0, 3.0, 2.0, 2.0, 1.0, 1.0, 1.0], "name": "H1650", "clust": 23, "rank": 20, "ini": 29, "rankvar": 10}, {"group": [26.0, 18.0, 14.0, 8.0, 5.0, 4.0, 2.0, 2.0, 1.0, 1.0, 1.0], "name": "H1666", "clust": 26, "rank": 17, "ini": 28, "rankvar": 22}, {"group": [20.0, 12.0, 9.0, 5.0, 3.0, 3.0, 2.0, 2.0, 1.0, 1.0, 1.0], "name": "H1703", "clust": 21, "rank": 9, "ini": 27, "rankvar": 11}, {"group": [18.0, 10.0, 7.0, 3.0, 2.0, 2.0, 2.0, 2.0, 1.0, 1.0, 1.0], "name": "H1734", "clust": 12, "rank": 32, "ini": 26, "rankvar": 1}, {"group": [14.0, 6.0, 4.0, 3.0, 2.0, 2.0, 2.0, 2.0, 1.0, 1.0, 1.0], "name": "H1781", "clust": 16, "rank": 25, "ini": 25, "rankvar": 14}, {"group": [36.0, 25.0, 18.0, 10.0, 6.0, 4.0, 2.0, 2.0, 1.0, 1.0, 1.0], "name": "H1792", "clust": 35, "rank": 2, "ini": 24, "rankvar": 3}, {"group": [29.0, 20.0, 15.0, 8.0, 5.0, 4.0, 2.0, 2.0, 1.0, 1.0, 1.0], "name": "H1944", "clust": 32, "rank": 35, "ini": 23, "rankvar": 21}, {"group": [10.0, 4.0, 2.0, 2.0, 2.0, 2.0, 2.0, 2.0, 1.0, 1.0, 1.0], "name": "H1975", "clust": 10, "rank": 23, "ini": 22, "rankvar": 17}, {"group": [2.0, 1.0, 1.0, 1.0, 1.0, 1.0, 1.0, 1.0, 1.0, 1.0, 1.0], "name": "H209", "clust": 4, "rank": 12, "ini": 21, "rankvar": 34}, {"group": [5.0, 1.0, 1.0, 1.0, 1.0, 1.0, 1.0, 1.0, 1.0, 1.0, 1.0], "name": "H2106", "clust": 7, "rank": 7, "ini": 20, "rankvar": 36}, {"group": [15.0, 7.0, 4.0, 3.0, 2.0, 2.0, 2.0, 2.0, 1.0, 1.0, 1.0], "name": "H2228", "clust": 15, "rank": 11, "ini": 19, "rankvar": 16}, {"group": [24.0, 16.0, 12.0, 6.0, 3.0, 3.0, 2.0, 2.0, 1.0, 1.0, 1.0], "name": "H23", "clust": 24, "rank": 21, "ini": 18, "rankvar": 2}, {"group": [17.0, 9.0, 6.0, 3.0, 2.0, 2.0, 2.0, 2.0, 1.0, 1.0, 1.0], "name": "H2342", "clust": 13, "rank": 26, "ini": 17, "rankvar": 7}, {"group": [37.0, 26.0, 19.0, 11.0, 6.0, 4.0, 2.0, 2.0, 1.0, 1.0, 1.0], "name": "H2405", "clust": 36, "rank": 0, "ini": 16, "rankvar": 8}, {"group": [11.0, 5.0, 3.0, 2.0, 2.0, 2.0, 2.0, 2.0, 1.0, 1.0, 1.0], "name": "H358", "clust": 11, "rank": 24, "ini": 15, "rankvar": 9}, {"group": [12.0, 6.0, 4.0, 3.0, 2.0, 2.0, 2.0, 2.0, 1.0, 1.0, 1.0], "name": "H441", "clust": 17, "rank": 31, "ini": 14, "rankvar": 27}, {"group": [3.0, 1.0, 1.0, 1.0, 1.0, 1.0, 1.0, 1.0, 1.0, 1.0, 1.0], "name": "H446", "clust": 5, "rank": 15, "ini": 13, "rankvar": 31}, {"group": [32.0, 21.0, 15.0, 8.0, 5.0, 4.0, 2.0, 2.0, 1.0, 1.0, 1.0], "name": "H460", "clust": 30, "rank": 28, "ini": 12, "rankvar": 15}, {"group": [4.0, 1.0, 1.0, 1.0, 1.0, 1.0, 1.0, 1.0, 1.0, 1.0, 1.0], "name": "H524", "clust": 6, "rank": 19, "ini": 11, "rankvar": 35}, {"group": [7.0, 1.0, 1.0, 1.0, 1.0, 1.0, 1.0, 1.0, 1.0, 1.0, 1.0], "name": "H526", "clust": 2, "rank": 8, "ini": 10, "rankvar": 30}, {"group": [21.0, 13.0, 9.0, 5.0, 3.0, 3.0, 2.0, 2.0, 1.0, 1.0, 1.0], "name": "H661", "clust": 22, "rank": 27, "ini": 9, "rankvar": 0}, {"group": [6.0, 1.0, 1.0, 1.0, 1.0, 1.0, 1.0, 1.0, 1.0, 1.0, 1.0], "name": "H69", "clust": 8, "rank": 18, "ini": 8, "rankvar": 32}, {"group": [8.0, 2.0, 1.0, 1.0, 1.0, 1.0, 1.0, 1.0, 1.0, 1.0, 1.0], "name": "H82", "clust": 1, "rank": 6, "ini": 7, "rankvar": 29}, {"group": [27.0, 19.0, 14.0, 8.0, 5.0, 4.0, 2.0, 2.0, 1.0, 1.0, 1.0], "name": "H838", "clust": 27, "rank": 30, "ini": 6, "rankvar": 20}, {"group": [33.0, 22.0, 15.0, 8.0, 5.0, 4.0, 2.0, 2.0, 1.0, 1.0, 1.0], "name": "HCC15", "clust": 29, "rank": 29, "ini": 5, "rankvar": 13}, {"group": [34.0, 23.0, 16.0, 8.0, 5.0, 4.0, 2.0, 2.0, 1.0, 1.0, 1.0], "name": "HCC44", "clust": 28, "rank": 5, "ini": 4, "rankvar": 19}, {"group": [13.0, 6.0, 4.0, 3.0, 2.0, 2.0, 2.0, 2.0, 1.0, 1.0, 1.0], "name": "HCC78", "clust": 18, "rank": 13, "ini": 3, "rankvar": 28}, {"group": [16.0, 8.0, 5.0, 3.0, 2.0, 2.0, 2.0, 2.0, 1.0, 1.0, 1.0], "name": "HCC827", "clust": 14, "rank": 4, "ini": 2, "rankvar": 25}, {"group": [25.0, 17.0, 13.0, 7.0, 4.0, 3.0, 2.0, 2.0, 1.0, 1.0, 1.0], "name": "LOUNH91", "clust": 19, "rank": 3, "ini": 1, "rankvar": 5}]}}, {"N_row_sum": 20, "dist": "cos", "nodes": {"row_nodes": [{"group": [10.0, 8.0, 7.0, 4.0, 3.0, 3.0, 2.0, 2.0, 1.0, 1.0, 1.0], "name": "H1355", "clust": 11, "rank": 19, "ini": 20, "rankvar": 15}, {"group": [11.0, 8.0, 7.0, 4.0, 3.0, 3.0, 2.0, 2.0, 1.0, 1.0, 1.0], "name": "H1944", "clust": 12, "rank": 18, "ini": 19, "rankvar": 12}, {"group": [12.0, 8.0, 7.0, 4.0, 3.0, 3.0, 2.0, 2.0, 1.0, 1.0, 1.0], "name": "A549", "clust": 13, "rank": 17, "ini": 18, "rankvar": 14}, {"group": [13.0, 8.0, 7.0, 4.0, 3.0, 3.0, 2.0, 2.0, 1.0, 1.0, 1.0], "name": "H1437", "clust": 14, "rank": 16, "ini": 17, "rankvar": 16}, {"group": [7.0, 5.0, 4.0, 2.0, 2.0, 2.0, 2.0, 2.0, 1.0, 1.0, 1.0], "name": "H1734", "clust": 3, "rank": 15, "ini": 16, "rankvar": 1}, {"group": [4.0, 3.0, 2.0, 2.0, 2.0, 2.0, 2.0, 2.0, 1.0, 1.0, 1.0], "name": "H441", "clust": 5, "rank": 14, "ini": 15, "rankvar": 17}, {"group": [16.0, 11.0, 8.0, 4.0, 3.0, 3.0, 2.0, 2.0, 1.0, 1.0, 1.0], "name": "H838", "clust": 15, "rank": 13, "ini": 14, "rankvar": 11}, {"group": [15.0, 10.0, 7.0, 4.0, 3.0, 3.0, 2.0, 2.0, 1.0, 1.0, 1.0], "name": "HCC15", "clust": 9, "rank": 12, "ini": 13, "rankvar": 6}, {"group": [14.0, 9.0, 7.0, 4.0, 3.0, 3.0, 2.0, 2.0, 1.0, 1.0, 1.0], "name": "H460", "clust": 10, "rank": 11, "ini": 12, "rankvar": 8}, {"group": [20.0, 15.0, 11.0, 6.0, 4.0, 3.0, 2.0, 2.0, 1.0, 1.0, 1.0], "name": "H661", "clust": 17, "rank": 10, "ini": 11, "rankvar": 0}, {"group": [6.0, 4.0, 3.0, 2.0, 2.0, 2.0, 2.0, 2.0, 1.0, 1.0, 1.0], "name": "H2342", "clust": 4, "rank": 9, "ini": 10, "rankvar": 3}, {"group": [5.0, 3.0, 2.0, 2.0, 2.0, 2.0, 2.0, 2.0, 1.0, 1.0, 1.0], "name": "H1781", "clust": 6, "rank": 8, "ini": 9, "rankvar": 7}, {"group": [8.0, 6.0, 5.0, 3.0, 2.0, 2.0, 2.0, 2.0, 1.0, 1.0, 1.0], "name": "H358", "clust": 7, "rank": 7, "ini": 8, "rankvar": 4}, {"group": [9.0, 7.0, 6.0, 3.0, 2.0, 2.0, 2.0, 2.0, 1.0, 1.0, 1.0], "name": "H1975", "clust": 8, "rank": 6, "ini": 7, "rankvar": 9}, {"group": [3.0, 2.0, 1.0, 1.0, 1.0, 1.0, 1.0, 1.0, 1.0, 1.0, 1.0], "name": "DMS53", "clust": 0, "rank": 5, "ini": 6, "rankvar": 10}, {"group": [18.0, 13.0, 9.0, 5.0, 4.0, 3.0, 2.0, 2.0, 1.0, 1.0, 1.0], "name": "H23", "clust": 18, "rank": 4, "ini": 5, "rankvar": 2}, {"group": [19.0, 14.0, 10.0, 5.0, 4.0, 3.0, 2.0, 2.0, 1.0, 1.0, 1.0], "name": "H1650", "clust": 19, "rank": 3, "ini": 4, "rankvar": 5}, {"group": [1.0, 1.0, 1.0, 1.0, 1.0, 1.0, 1.0, 1.0, 1.0, 1.0, 1.0], "name": "H524", "clust": 1, "rank": 2, "ini": 3, "rankvar": 19}, {"group": [2.0, 1.0, 1.0, 1.0, 1.0, 1.0, 1.0, 1.0, 1.0, 1.0, 1.0], "name": "H69", "clust": 2, "rank": 1, "ini": 2, "rankvar": 18}, {"group": [17.0, 12.0, 8.0, 4.0, 3.0, 3.0, 2.0, 2.0, 1.0, 1.0, 1.0], "name": "H1666", "clust": 16, "rank": 0, "ini": 1, "rankvar": 13}], "col_nodes": [{"group": [31.0, 17.0, 10.0, 5.0, 4.0, 2.0, 2.0, 1.0, 1.0, 1.0, 1.0], "name": "A549", "clust": 30, "rank": 33, "ini": 37, "rankvar": 30}, {"group": [34.0, 19.0, 11.0, 5.0, 4.0, 2.0, 2.0, 1.0, 1.0, 1.0, 1.0], "name": "CAL12T", "clust": 35, "rank": 19, "ini": 36, "rankvar": 5}, {"group": [15.0, 5.0, 2.0, 2.0, 2.0, 2.0, 2.0, 1.0, 1.0, 1.0, 1.0], "name": "CALU3", "clust": 12, "rank": 5, "ini": 35, "rankvar": 1}, {"group": [4.0, 1.0, 1.0, 1.0, 1.0, 1.0, 1.0, 1.0, 1.0, 1.0, 1.0], "name": "DMS153", "clust": 7, "rank": 8, "ini": 34, "rankvar": 13}, {"group": [9.0, 2.0, 1.0, 1.0, 1.0, 1.0, 1.0, 1.0, 1.0, 1.0, 1.0], "name": "DMS53", "clust": 0, "rank": 17, "ini": 33, "rankvar": 24}, {"group": [23.0, 13.0, 8.0, 4.0, 3.0, 2.0, 2.0, 1.0, 1.0, 1.0, 1.0], "name": "H1299", "clust": 23, "rank": 14, "ini": 32, "rankvar": 3}, {"group": [28.0, 17.0, 10.0, 5.0, 4.0, 2.0, 2.0, 1.0, 1.0, 1.0, 1.0], "name": "H1355", "clust": 32, "rank": 36, "ini": 31, "rankvar": 32}, {"group": [30.0, 17.0, 10.0, 5.0, 4.0, 2.0, 2.0, 1.0, 1.0, 1.0, 1.0], "name": "H1437", "clust": 31, "rank": 34, "ini": 30, "rankvar": 36}, {"group": [24.0, 14.0, 8.0, 4.0, 3.0, 2.0, 2.0, 1.0, 1.0, 1.0, 1.0], "name": "H1650", "clust": 24, "rank": 20, "ini": 29, "rankvar": 25}, {"group": [35.0, 19.0, 11.0, 5.0, 4.0, 2.0, 2.0, 1.0, 1.0, 1.0, 1.0], "name": "H1666", "clust": 36, "rank": 29, "ini": 28, "rankvar": 26}, {"group": [21.0, 11.0, 7.0, 4.0, 3.0, 2.0, 2.0, 1.0, 1.0, 1.0, 1.0], "name": "H1703", "clust": 20, "rank": 10, "ini": 27, "rankvar": 6}, {"group": [17.0, 7.0, 4.0, 2.0, 2.0, 2.0, 2.0, 1.0, 1.0, 1.0, 1.0], "name": "H1734", "clust": 10, "rank": 28, "ini": 26, "rankvar": 15}, {"group": [14.0, 4.0, 2.0, 2.0, 2.0, 2.0, 2.0, 1.0, 1.0, 1.0, 1.0], "name": "H1781", "clust": 13, "rank": 22, "ini": 25, "rankvar": 27}, {"group": [26.0, 16.0, 10.0, 5.0, 4.0, 2.0, 2.0, 1.0, 1.0, 1.0, 1.0], "name": "H1792", "clust": 26, "rank": 9, "ini": 24, "rankvar": 2}, {"group": [29.0, 17.0, 10.0, 5.0, 4.0, 2.0, 2.0, 1.0, 1.0, 1.0, 1.0], "name": "H1944", "clust": 33, "rank": 35, "ini": 23, "rankvar": 33}, {"group": [19.0, 9.0, 6.0, 3.0, 3.0, 2.0, 2.0, 1.0, 1.0, 1.0, 1.0], "name": "H1975", "clust": 18, "rank": 25, "ini": 22, "rankvar": 22}, {"group": [5.0, 1.0, 1.0, 1.0, 1.0, 1.0, 1.0, 1.0, 1.0, 1.0, 1.0], "name": "H209", "clust": 8, "rank": 4, "ini": 21, "rankvar": 14}, {"group": [6.0, 1.0, 1.0, 1.0, 1.0, 1.0, 1.0, 1.0, 1.0, 1.0, 1.0], "name": "H2106", "clust": 6, "rank": 1, "ini": 20, "rankvar": 21}, {"group": [12.0, 3.0, 2.0, 2.0, 2.0, 2.0, 2.0, 1.0, 1.0, 1.0, 1.0], "name": "H2228", "clust": 16, "rank": 15, "ini": 19, "rankvar": 7}, {"group": [25.0, 15.0, 9.0, 4.0, 3.0, 2.0, 2.0, 1.0, 1.0, 1.0, 1.0], "name": "H23", "clust": 22, "rank": 24, "ini": 18, "rankvar": 17}, {"group": [16.0, 6.0, 3.0, 2.0, 2.0, 2.0, 2.0, 1.0, 1.0, 1.0, 1.0], "name": "H2342", "clust": 11, "rank": 26, "ini": 17, "rankvar": 20}, {"group": [37.0, 21.0, 12.0, 6.0, 4.0, 2.0, 2.0, 1.0, 1.0, 1.0, 1.0], "name": "H2405", "clust": 25, "rank": 0, "ini": 16, "rankvar": 0}, {"group": [18.0, 8.0, 5.0, 2.0, 2.0, 2.0, 2.0, 1.0, 1.0, 1.0, 1.0], "name": "H358", "clust": 9, "rank": 27, "ini": 15, "rankvar": 19}, {"group": [10.0, 3.0, 2.0, 2.0, 2.0, 2.0, 2.0, 1.0, 1.0, 1.0, 1.0], "name": "H441", "clust": 14, "rank": 21, "ini": 14, "rankvar": 31}, {"group": [1.0, 1.0, 1.0, 1.0, 1.0, 1.0, 1.0, 1.0, 1.0, 1.0, 1.0], "name": "H446", "clust": 2, "rank": 7, "ini": 13, "rankvar": 16}, {"group": [27.0, 16.0, 10.0, 5.0, 4.0, 2.0, 2.0, 1.0, 1.0, 1.0, 1.0], "name": "H460", "clust": 27, "rank": 30, "ini": 12, "rankvar": 29}, {"group": [3.0, 1.0, 1.0, 1.0, 1.0, 1.0, 1.0, 1.0, 1.0, 1.0, 1.0], "name": "H524", "clust": 1, "rank": 11, "ini": 11, "rankvar": 34}, {"group": [7.0, 1.0, 1.0, 1.0, 1.0, 1.0, 1.0, 1.0, 1.0, 1.0, 1.0], "name": "H526", "clust": 5, "rank": 3, "ini": 10, "rankvar": 9}, {"group": [22.0, 12.0, 7.0, 4.0, 3.0, 2.0, 2.0, 1.0, 1.0, 1.0, 1.0], "name": "H661", "clust": 21, "rank": 23, "ini": 9, "rankvar": 12}, {"group": [8.0, 1.0, 1.0, 1.0, 1.0, 1.0, 1.0, 1.0, 1.0, 1.0, 1.0], "name": "H69", "clust": 4, "rank": 13, "ini": 8, "rankvar": 35}, {"group": [2.0, 1.0, 1.0, 1.0, 1.0, 1.0, 1.0, 1.0, 1.0, 1.0, 1.0], "name": "H82", "clust": 3, "rank": 2, "ini": 7, "rankvar": 11}, {"group": [36.0, 20.0, 11.0, 5.0, 4.0, 2.0, 2.0, 1.0, 1.0, 1.0, 1.0], "name": "H838", "clust": 34, "rank": 32, "ini": 6, "rankvar": 23}, {"group": [33.0, 18.0, 10.0, 5.0, 4.0, 2.0, 2.0, 1.0, 1.0, 1.0, 1.0], "name": "HCC15", "clust": 28, "rank": 31, "ini": 5, "rankvar": 28}, {"group": [32.0, 17.0, 10.0, 5.0, 4.0, 2.0, 2.0, 1.0, 1.0, 1.0, 1.0], "name": "HCC44", "clust": 29, "rank": 18, "ini": 4, "rankvar": 10}, {"group": [11.0, 3.0, 2.0, 2.0, 2.0, 2.0, 2.0, 1.0, 1.0, 1.0, 1.0], "name": "HCC78", "clust": 15, "rank": 16, "ini": 3, "rankvar": 18}, {"group": [13.0, 3.0, 2.0, 2.0, 2.0, 2.0, 2.0, 1.0, 1.0, 1.0, 1.0], "name": "HCC827", "clust": 17, "rank": 12, "ini": 2, "rankvar": 8}, {"group": [20.0, 10.0, 6.0, 3.0, 3.0, 2.0, 2.0, 1.0, 1.0, 1.0, 1.0], "name": "LOUNH91", "clust": 19, "rank": 6, "ini": 1, "rankvar": 4}]}}, {"N_row_sum": 10, "dist": "cos", "nodes": {"row_nodes": [{"group": [3.0, 3.0, 3.0, 2.0, 2.0, 2.0, 2.0, 2.0, 1.0, 1.0, 1.0], "name": "H1355", "clust": 6, "rank": 9, "ini": 10, "rankvar": 7}, {"group": [4.0, 3.0, 3.0, 2.0, 2.0, 2.0, 2.0, 2.0, 1.0, 1.0, 1.0], "name": "H1944", "clust": 7, "rank": 8, "ini": 9, "rankvar": 5}, {"group": [5.0, 4.0, 3.0, 2.0, 2.0, 2.0, 2.0, 2.0, 1.0, 1.0, 1.0], "name": "A549", "clust": 8, "rank": 7, "ini": 8, "rankvar": 6}, {"group": [6.0, 5.0, 3.0, 2.0, 2.0, 2.0, 2.0, 2.0, 1.0, 1.0, 1.0], "name": "H1437", "clust": 9, "rank": 6, "ini": 7, "rankvar": 8}, {"group": [1.0, 1.0, 1.0, 1.0, 1.0, 1.0, 1.0, 1.0, 1.0, 1.0, 1.0], "name": "H1734", "clust": 0, "rank": 5, "ini": 6, "rankvar": 1}, {"group": [2.0, 2.0, 2.0, 1.0, 1.0, 1.0, 1.0, 1.0, 1.0, 1.0, 1.0], "name": "H441", "clust": 1, "rank": 4, "ini": 5, "rankvar": 9}, {"group": [9.0, 8.0, 4.0, 3.0, 2.0, 2.0, 2.0, 2.0, 1.0, 1.0, 1.0], "name": "H838", "clust": 3, "rank": 3, "ini": 4, "rankvar": 4}, {"group": [8.0, 7.0, 3.0, 2.0, 2.0, 2.0, 2.0, 2.0, 1.0, 1.0, 1.0], "name": "HCC15", "clust": 4, "rank": 2, "ini": 3, "rankvar": 2}, {"group": [7.0, 6.0, 3.0, 2.0, 2.0, 2.0, 2.0, 2.0, 1.0, 1.0, 1.0], "name": "H460", "clust": 5, "rank": 1, "ini": 2, "rankvar": 3}, {"group": [10.0, 9.0, 5.0, 4.0, 3.0, 3.0, 3.0, 3.0, 1.0, 1.0, 1.0], "name": "H661", "clust": 2, "rank": 0, "ini": 1, "rankvar": 0}], "col_nodes": [{"group": [30.0, 14.0, 6.0, 4.0, 4.0, 2.0, 2.0, 1.0, 1.0, 1.0, 1.0], "name": "A549", "clust": 31, "rank": 34, "ini": 37, "rankvar": 30}, {"group": [24.0, 13.0, 6.0, 4.0, 4.0, 2.0, 2.0, 1.0, 1.0, 1.0, 1.0], "name": "CAL12T", "clust": 23, "rank": 21, "ini": 36, "rankvar": 10}, {"group": [16.0, 8.0, 4.0, 2.0, 2.0, 2.0, 2.0, 1.0, 1.0, 1.0, 1.0], "name": "CALU3", "clust": 10, "rank": 11, "ini": 35, "rankvar": 9}, {"group": [4.0, 4.0, 1.0, 1.0, 1.0, 1.0, 1.0, 1.0, 1.0, 1.0, 1.0], "name": "DMS153", "clust": 0, "rank": 3, "ini": 34, "rankvar": 3}, {"group": [9.0, 7.0, 3.0, 2.0, 2.0, 2.0, 2.0, 1.0, 1.0, 1.0, 1.0], "name": "DMS53", "clust": 8, "rank": 8, "ini": 33, "rankvar": 0}, {"group": [23.0, 12.0, 5.0, 3.0, 3.0, 2.0, 2.0, 1.0, 1.0, 1.0, 1.0], "name": "H1299", "clust": 19, "rank": 14, "ini": 32, "rankvar": 11}, {"group": [28.0, 14.0, 6.0, 4.0, 4.0, 2.0, 2.0, 1.0, 1.0, 1.0, 1.0], "name": "H1355", "clust": 29, "rank": 36, "ini": 31, "rankvar": 29}, {"group": [32.0, 14.0, 6.0, 4.0, 4.0, 2.0, 2.0, 1.0, 1.0, 1.0, 1.0], "name": "H1437", "clust": 33, "rank": 33, "ini": 30, "rankvar": 36}, {"group": [36.0, 17.0, 7.0, 5.0, 4.0, 2.0, 2.0, 1.0, 1.0, 1.0, 1.0], "name": "H1650", "clust": 35, "rank": 13, "ini": 29, "rankvar": 17}, {"group": [33.0, 14.0, 6.0, 4.0, 4.0, 2.0, 2.0, 1.0, 1.0, 1.0, 1.0], "name": "H1666", "clust": 34, "rank": 28, "ini": 28, "rankvar": 21}, {"group": [22.0, 11.0, 5.0, 3.0, 3.0, 2.0, 2.0, 1.0, 1.0, 1.0, 1.0], "name": "H1703", "clust": 20, "rank": 12, "ini": 27, "rankvar": 23}, {"group": [10.0, 7.0, 3.0, 2.0, 2.0, 2.0, 2.0, 1.0, 1.0, 1.0, 1.0], "name": "H1734", "clust": 9, "rank": 29, "ini": 26, "rankvar": 32}, {"group": [14.0, 8.0, 4.0, 2.0, 2.0, 2.0, 2.0, 1.0, 1.0, 1.0, 1.0], "name": "H1781", "clust": 12, "rank": 16, "ini": 25, "rankvar": 25}, {"group": [26.0, 14.0, 6.0, 4.0, 4.0, 2.0, 2.0, 1.0, 1.0, 1.0, 1.0], "name": "H1792", "clust": 27, "rank": 19, "ini": 24, "rankvar": 15}, {"group": [29.0, 14.0, 6.0, 4.0, 4.0, 2.0, 2.0, 1.0, 1.0, 1.0, 1.0], "name": "H1944", "clust": 30, "rank": 35, "ini": 23, "rankvar": 31}, {"group": [19.0, 10.0, 4.0, 2.0, 2.0, 2.0, 2.0, 1.0, 1.0, 1.0, 1.0], "name": "H1975", "clust": 16, "rank": 20, "ini": 22, "rankvar": 14}, {"group": [1.0, 1.0, 1.0, 1.0, 1.0, 1.0, 1.0, 1.0, 1.0, 1.0, 1.0], "name": "H209", "clust": 2, "rank": 1, "ini": 21, "rankvar": 4}, {"group": [3.0, 3.0, 1.0, 1.0, 1.0, 1.0, 1.0, 1.0, 1.0, 1.0, 1.0], "name": "H2106", "clust": 1, "rank": 0, "ini": 20, "rankvar": 8}, {"group": [15.0, 8.0, 4.0, 2.0, 2.0, 2.0, 2.