{"mat": [[1.0, 0.8700653308456486, 0.6394367263909786, 0.7808402404864598, 0.7655111807364985, 0.6602185524970919, 0.739641434736062, 0.0, 0.6548911473009652, 0.732967303101057, 0.760059532281908, 0.6074566032918473, 0.7791313365648384, 0.0, 0.7080236906658062, 0.7441768322363792, 0.8865646705054383, 0.5670576976946081, 0.6231940625553289, 0.6987231582787585, 0.0, 0.0, 0.0, 0.0, 0.0, 0.48877154883487617, 0.0, 0.0, 0.0, 0.0, 0.0, 0.0, 0.0, 0.0, 0.0, 0.0, 0.0, 0.0, 0.0, 0.0, 0.4497013961534748, 0.4061807478299031, 0.50382309799303, 0.4438665970437514, 0.0, 0.5261078024426106, 0.0, 0.49027343402073287, 0.4466449364524889, 0.0, 0.0, 0.0, 0.5489774865394818, 0.45625747889249435, 0.5703002659455602, 0.0, 0.5161213531503026, 0.411772291703943, 0.4341505758478257, 0.0, 0.54425142574231, 0.5086725327707354, 0.0, 0.539104031487459, 0.0, 0.0, 0.6001066996152059, 0.4192734362355869, 0.0, 0.0, 0.0, 0.4825220451552431, 0.43229779650860334, 0.0, 0.4692886820556512, 0.0, 0.0, 0.5206412434081448, 0.5063886045565168, 0.5077048291578042, 0.0, 0.0, 0.0, 0.0, 0.0, 0.0, 0.0, 0.0, 0.4791765917174211, 0.43869071911199753, 0.0, 0.0, 0.0, 0.45730860326673684, 0.0, 0.0, 0.4699215903541226, 0.0, 0.0, 0.0, 0.5521001886778967, 0.0, 0.0, 0.4823108943732912, 0.0, 0.0, 0.410244406287809, 0.5469917026612147, 0.0, 0.0, 0.4106239817253592, 0.4489522296933921, 0.0, 0.5760387190570451, 0.5708234607177783, 0.5259556701317575, 0.541293855718455, 0.4825095135942905, 0.4069263695800952, 0.4972205756160144, 0.5111312023242616, 0.0, 0.0, 0.42056573154724497, 0.47732206057773685, 0.5205103383921186, 0.5326402010181576, 0.4601173787551667, 0.5709292235104176, 0.5571830972415269, 0.5544496235608868, 0.4620962897262755, 0.0, 0.47881673667453273, 0.0, 0.4935135300365395, 0.5387932008167292, 0.4811823667289937, 0.0, 0.0, 0.4791215007284332, 0.0, 0.0, 0.0, 0.4520470508168126, 0.0, 0.4142854772290757, 0.0, 0.4396556560303483, 0.0, 0.41792366663924374, 0.4087272359605685, 0.4137088055424525, 0.0, 0.0, 0.0, 0.0, 0.0, 0.48655049925736793, 0.4567868552725982, 0.46809021775050574, 0.4930841459307548, 0.5054840221646951, 0.0, 0.4394504429527005, 0.447838659891048, 0.47200608615909734, 0.47030395065526975, 0.5190340417670266, 0.4527379196457786, 0.0, 0.4847193096460368, 0.0, 0.0, 0.4327154939577723, 0.5232680533096964, 0.6123543478350895, 0.0, 0.5036635999242657, 0.5579765366074373, 0.41086014904236257, 0.0, 0.0, 0.0, 0.0, 0.416992149853499, 0.0, 0.0, 0.0, 0.42229919260081017, 0.4865490363343328, 0.0, 0.0, 0.0, 0.0, 0.0, 0.0, 0.49184453077846224, 0.0, 0.0], [0.8700653308456486, 1.0, 0.605879347110966, 0.719026748944159, 0.7949297581245561, 0.6468484567336972, 0.7689944182140112, 0.0, 0.6412403284664049, 0.7330311439546989, 0.7094803322458842, 0.5760507903236852, 0.7021808184895733, 0.0, 0.7600429035110468, 0.6848444605192454, 0.9078681160338365, 0.5712926221425998, 0.6664866724446864, 0.6467099459311749, 0.0, 0.0, 0.0, 0.0, 0.0, 0.5069422764649927, 0.0, 0.4234730385554909, 0.0, 0.0, 0.0, 0.0, 0.0, 0.0, 0.0, 0.0, 0.42630734124705305, 0.0, 0.0, 0.0, 0.4415115541280925, 0.0, 0.5379949075134105, 0.4338701831540863, 0.0, 0.48576530675862717, 0.0, 0.5524189268541798, 0.4608526904417535, 0.0, 0.0, 0.0, 0.5758789894727242, 0.47516825753240255, 0.5805245027702821, 0.0, 0.5688937408674446, 0.4770999585368554, 0.4603639128992354, 0.4059725718862305, 0.5081147054225879, 0.5107086526249008, 0.41363541466441944, 0.5534561255337637, 0.0, 0.0, 0.6058135462486323, 0.4731304050326477, 0.4081676120426906, 0.0, 0.0, 0.46363216288826403, 0.4134042108880791, 0.43668278180768727, 0.44426259493431597, 0.0, 0.0, 0.4861520044342126, 0.5015405547982189, 0.453546812271419, 0.0, 0.0, 0.0, 0.0, 0.0, 0.0, 0.0, 0.0, 0.45847736740725276, 0.45187475959030987, 0.0, 0.0, 0.0, 0.462966882744418, 0.0, 0.0, 0.5013229315872828, 0.0, 0.0, 0.0, 0.4896088013273072, 0.0, 0.0, 0.45882099425030676, 0.0, 0.0, 0.0, 0.5978208600289436, 0.4328655541151264, 0.0, 0.4757056851764655, 0.48510304429128115, 0.0, 0.6290672111003297, 0.5953829540901612, 0.583289107062645, 0.5195741986829762, 0.5366998253804481, 0.0, 0.5591693851239623, 0.407141842172021, 0.0, 0.0, 0.0, 0.40883850760188967, 0.4829722222391897, 0.4530956723921963, 0.0, 0.5008297426353436, 0.4748750565018963, 0.49262489991042724, 0.4146231701265307, 0.0, 0.4709295992273075, 0.0, 0.0, 0.456092674964906, 0.0, 0.0, 0.0, 0.49647524016852596, 0.0, 0.0, 0.0, 0.45299917083028085, 0.44980831149050293, 0.46848198667448926, 0.0, 0.4934495888852235, 0.0, 0.47794212052011287, 0.42385793406915695, 0.42549755638025977, 0.0, 0.4475083212323695, 0.0, 0.0, 0.0, 0.4989196392978297, 0.4963369466870754, 0.4774075360707777, 0.4912286577752426, 0.5201063385142762, 0.0, 0.4615715618615548, 0.432059555383263, 0.42478028080740016, 0.4568590499917966, 0.5110736331521738, 0.43495380707156117, 0.0, 0.4115585644733325, 0.0, 0.0, 0.0, 0.5206874893982003, 0.5938926310333752, 0.0, 0.49314715927294506, 0.4856318401267049, 0.43540581646761256, 0.0, 0.0, 0.0, 0.0, 0.4281255590816271, 0.0, 0.0, 0.0, 0.46140630217369316, 0.4740860129245139, 0.0, 0.4081295312560044, 0.0, 0.0, 0.0, 0.0, 0.4574195096067317, 0.0, 0.41505830433007385], [0.6394367263909786, 0.605879347110966, 1.0, 0.8665483635622783, 0.5592678863187556, 0.5043702099509206, 0.6549724683572118, 0.0, 0.8060643346363998, 0.7690530260115622, 0.8464257712777763, 0.4272299612438265, 0.7761608331756895, 0.0, 0.4789118513498134, 0.543876309199511, 0.6537257361196195, 0.0, 0.0, 0.8211760986104591, 0.43979040479442544, 0.0, 0.0, 0.0, 0.4219717750892543, 0.4796182056733427, 0.0, 0.46657374677437335, 0.4490459214906364, 0.44389520353833434, 0.0, 0.5093855085465183, 0.43163458486538264, 0.0, 0.0, 0.0, 0.5214566829140204, 0.0, 0.48100101864868494, 0.0, 0.5599423795893208, 0.5032134738023413, 0.6226134832706773, 0.5714444646385081, 0.4702464480914613, 0.6234183526653146, 0.4189910293722867, 0.5620122545855378, 0.5790379183746428, 0.0, 0.4330418635532596, 0.5283087588937431, 0.567864561879601, 0.5717583942825271, 0.5006752991750587, 0.0, 0.5852725569530941, 0.5238302922055693, 0.4147311055253138, 0.49949675032465735, 0.6679402485939807, 0.6395942342295843, 0.5048753278652753, 0.6601785821890331, 0.0, 0.0, 0.673017576630726, 0.5503996296692795, 0.5707529236937696, 0.0, 0.5280907401863417, 0.6103769181696821, 0.5338879011436354, 0.49415883975812647, 0.5566134390222365, 0.0, 0.5342133858975104, 0.6230245254958962, 0.5877252576533911, 0.5933295912315506, 0.0, 0.512566067574843, 0.43769082112670277, 0.0, 0.43710802854226694, 0.4771252824242904, 0.0, 0.47964302711254847, 0.45404291247200557, 0.4764919394920385, 0.0, 0.5330138604616395, 0.5219389782218894, 0.5236286168195443, 0.5820515150262296, 0.0, 0.5048120635607155, 0.49192941436806525, 0.4575892539818256, 0.4668933202836665, 0.5720193534950715, 0.0, 0.4131663590131578, 0.5171082113052691, 0.0, 0.527488353549402, 0.4915622111332958, 0.5981481194758991, 0.0, 0.0, 0.5380078758310372, 0.5322250424250494, 0.4307925779603633, 0.6256395037402888, 0.6212785401146796, 0.6469264419640472, 0.6245754416594145, 0.5901573528646945, 0.4399456039456142, 0.639012220723054, 0.5297444873319684, 0.5090378247511423, 0.4661800889143668, 0.6372145172550253, 0.661236511117155, 0.7625005777311352, 0.7046498410041856, 0.6532251393366402, 0.5215329176214253, 0.5645836852100756, 0.6356943765252824, 0.5586669481782889, 0.48529143546186293, 0.7527350902092811, 0.644205418397071, 0.5948782481870829, 0.6611544671320897, 0.6746713148872495, 0.0, 0.5861111184063444, 0.5119831186258512, 0.4410976643785113, 0.0, 0.0, 0.5482866407907442, 0.49333793982784324, 0.4752904004501314, 0.46822871258117793, 0.5554657176625691, 0.0, 0.5695489678934336, 0.5187515223691626, 0.48956583095784634, 0.0, 0.4683206872347523, 0.4857929967114665, 0.0, 0.5417238918736471, 0.5834130710976028, 0.5282549318252431, 0.601069112216811, 0.5962609069082442, 0.6727415901111623, 0.5376809573854088, 0.603460954230639, 0.5981224471498816, 0.6222462758039664, 0.632087229738039, 0.6885361482988557, 0.5932551602110873, 0.0, 0.5235128128642801, 0.42718439427646615, 0.5662937698128879, 0.5591374167053538, 0.6502357691522956, 0.6360064215973864, 0.49911799429839343, 0.6870972736430798, 0.7140786725170941, 0.4167823110445278, 0.4912697403962626, 0.49252400448247957, 0.523477476065318, 0.47001638297521064, 0.5254712337172205, 0.0, 0.4362073993694807, 0.5113869124472732, 0.5431105090988109, 0.5953155252693197, 0.42581982999590084, 0.5673442738632243, 0.509171785292675, 0.40886032086248725, 0.45874343833463516, 0.0, 0.6631178868979634, 0.4227089095175096, 0.522014504517715], [0.7808402404864598, 0.719026748944159, 0.8665483635622783, 1.0, 0.6084459193398412, 0.5829761293423457, 0.7103060185088562, 0.0, 0.8067960214143487, 0.8195569154245048, 0.8414878971164, 0.5114889488363795, 0.8625377076874664, 0.0, 0.5689603411235955, 0.6187457216626051, 0.7780259406672415, 0.44815602397422105, 0.41298970525546985, 0.8561144743995345, 0.0, 0.0, 0.0, 0.0, 0.0, 0.5434966733719321, 0.0, 0.41517357158521073, 0.0, 0.41013966369874155, 0.0, 0.4394822761992777, 0.44126648172420757, 0.0, 0.0, 0.0, 0.4868910661183723, 0.0, 0.4691175054040837, 0.0, 0.5540316240472081, 0.500623516349506, 0.6032238856876976, 0.5401947613121153, 0.0, 0.6374761789435561, 0.4173655768115425, 0.5911855381868216, 0.5391548259007698, 0.4188732114464392, 0.41134734767493986, 0.5090505245070376, 0.5722062927851498, 0.5806914683704036, 0.5397293448264034, 0.0, 0.6675732396530542, 0.5523554032786359, 0.44966697361752295, 0.49401633066686035, 0.5883275123824204, 0.5830586411434602, 0.44760976504962313, 0.5829006762536569, 0.0, 0.0, 0.6248810678718434, 0.5352935039255605, 0.4725975406498557, 0.0, 0.4089636353357965, 0.5696520569604407, 0.4634899948268316, 0.43802825727356276, 0.5188968382672395, 0.0, 0.46294070702301493, 0.5765149602990631, 0.513955381083623, 0.49444493736438133, 0.0, 0.49183797362949155, 0.44439485246995747, 0.0, 0.4334859503273196, 0.47258328697177887, 0.0, 0.44070490560810227, 0.5006014902173563, 0.4843272646282484, 0.0, 0.48959418838542235, 0.5392752855270347, 0.5234231248473107, 0.556050147457864, 0.0, 0.516680155781988, 0.4794265883359874, 0.46368538582254826, 0.46715328478593554, 0.5304442822918745, 0.0, 0.4152819229779079, 0.5265920653463219, 0.0, 0.4334324211272149, 0.43201083682988295, 0.584026837186865, 0.4917241927544249, 0.0, 0.5640645113979931, 0.47685979303566284, 0.5069276937322933, 0.5901740983686428, 0.5683927208256622, 0.6343078374198736, 0.5581932602429008, 0.5812373292449894, 0.0, 0.6296406756174224, 0.6047542911503787, 0.47597755685860554, 0.44941387882715556, 0.5542119344958643, 0.6310701148669269, 0.6782630399153378, 0.7225262852169347, 0.6674695128084798, 0.6259983002337607, 0.6200272358948417, 0.6826012956708837, 0.5496345619671402, 0.46843963992014637, 0.7184080516994609, 0.5856308166339677, 0.623578737271553, 0.6992037980888868, 0.6512109096631987, 0.0, 0.4938331120075248, 0.5259769126398681, 0.4384095019933103, 0.0, 0.0, 0.5334639128084104, 0.5326597914177906, 0.5134814609271919, 0.0, 0.5917979122566271, 0.0, 0.5646799696432281, 0.47979403650783836, 0.5057637024962085, 0.0, 0.493838543101625, 0.430104325618762, 0.0, 0.463138231057462, 0.6102907826929196, 0.5503818507852384, 0.5504798274240931, 0.5647392876614403, 0.5714302995202352, 0.44808613779208617, 0.5010438225653945, 0.520180290246612, 0.5116208307399589, 0.5330606090039361, 0.5745267511530445, 0.5193926350145769, 0.0, 0.5110248705093726, 0.0, 0.4615858225985574, 0.5030636023436587, 0.6055091586977407, 0.6204947337183105, 0.0, 0.6092953177869023, 0.620394261128868, 0.4246308780684418, 0.46898172686030226, 0.4634179972263621, 0.504320858374578, 0.42882010169453433, 0.46753577338574304, 0.0, 0.0, 0.4802011930626887, 0.5568243967741183, 0.5643844972558459, 0.42681696484241705, 0.532203057275658, 0.4409101354529579, 0.0, 0.4155010169318183, 0.0, 0.6042734832790663, 0.0, 0.4982226174916098], [0.7655111807364985, 0.7949297581245561, 0.5592678863187556, 0.6084459193398412, 1.0, 0.7399357837076606, 0.8176830171300965, 0.0, 0.7028759104727799, 0.7428086410765548, 0.7260830644908557, 0.7297229887988376, 0.6852213761883613, 0.0, 0.7619704061990046, 0.7030970242668123, 0.7887356569786328, 0.6572839551134134, 0.6484243825380354, 0.6343511632789799, 0.0, 0.0, 0.0, 0.0, 0.0, 0.0, 0.0, 0.0, 0.0, 0.0, 0.0, 0.0, 0.0, 0.0, 0.0, 0.0, 0.0, 0.0, 0.0, 0.0, 0.4693320160687672, 0.0, 0.5405803224616039, 0.5054666581101855, 0.0, 0.5161807946803731, 0.0, 0.4918970505497411, 0.5299040531994945, 0.0, 0.0, 0.0, 0.5997687450529448, 0.4417700763996104, 0.4935004575229882, 0.0, 0.46378898858072803, 0.41623399064470146, 0.42668492425700255, 0.4220574248357949, 0.5997265616829737, 0.4175440753658991, 0.5211859222092571, 0.6571879427527936, 0.0, 0.0, 0.6086527101232496, 0.0, 0.43514106580289824, 0.0, 0.4311617294586989, 0.4567765873499765, 0.6493326708703929, 0.41860188891329675, 0.43068525477056974, 0.0, 0.539291564704851, 0.45132622474546746, 0.6164031676470959, 0.5925113111677224, 0.0, 0.0, 0.0, 0.0, 0.0, 0.44495611401298174, 0.41344781080546367, 0.0, 0.5153529113955664, 0.4508788200961802, 0.0, 0.0, 0.0, 0.42703370284853426, 0.0, 0.0, 0.4113840706763148, 0.0, 0.4533192117056277, 0.0, 0.48622822064948956, 0.0, 0.0, 0.0, 0.0, 0.0, 0.0, 0.5684705212094419, 0.0, 0.0, 0.0, 0.5666148770213917, 0.0, 0.4690272203378387, 0.5969978486067754, 0.41374285167059277, 0.6610171593056712, 0.0, 0.4475923648962048, 0.0, 0.0, 0.0, 0.0, 0.0, 0.0, 0.4316997089746064, 0.0, 0.0, 0.0, 0.4385479213654181, 0.0, 0.41057462614233375, 0.41368562112906293, 0.0, 0.0, 0.0, 0.0, 0.0, 0.0, 0.0, 0.5065688022256415, 0.0, 0.0, 0.0, 0.5347134874451638, 0.4054319121854272, 0.427276450293296, 0.0, 0.4551736341923466, 0.0, 0.4553021706149787, 0.4503655012067287, 0.46474344743922, 0.0, 0.0, 0.0, 0.0, 0.0, 0.4876851813220988, 0.480595885326067, 0.42703536476461734, 0.499974727141143, 0.43702192676839724, 0.4929074940972138, 0.5009136373280448, 0.4699436845197361, 0.4727675869103427, 0.4857808652485276, 0.4398206012152961, 0.0, 0.0, 0.0, 0.0, 0.4479657861506505, 0.0, 0.0, 0.5665388767916466, 0.0, 0.4879511723580895, 0.5821136280728186, 0.4056664478296583, 0.0, 0.0, 0.0, 0.0, 0.4202240765108066, 0.0, 0.0, 0.0, 0.5090961561025876, 0.4565446228602066, 0.4302643800458851, 0.435812976941927, 0.0, 0.0, 0.0, 0.0, 0.4474447752033509, 0.0, 0.42773159753303935], [0.6602185524970919, 0.6468484567336972, 0.5043702099509206, 0.5829761293423457, 0.7399357837076606, 1.0, 0.6294520884664286, 0.518866255845971, 0.667837043747085, 0.5618330156067137, 0.5915695018067566, 0.7951836763679608, 0.6400627868026108, 0.5830851558829427, 0.7379785792324877, 0.6472434643367551, 0.6471014289466778, 0.6918559424568912, 0.5331829179260744, 0.6000500251917698, 0.0, 0.0, 0.0, 0.0, 0.0, 0.0, 0.0, 0.0, 0.0, 0.0, 0.0, 0.0, 0.0, 0.0, 0.0, 0.0, 0.0, 0.0, 0.0, 0.0, 0.4725429564321528, 0.0, 0.5504315961530609, 0.5749896806702768, 0.41340155022970126, 0.49556841448296796, 0.0, 0.5398809198189891, 0.4942552489972769, 0.0, 0.0, 0.46585527399792204, 0.5427073996668723, 0.5236607247983918, 0.0, 0.0, 0.4894739146474374, 0.4822733838965527, 0.0, 0.4490993608507945, 0.4180142008837493, 0.0, 0.45066818991203494, 0.46419790865726696, 0.0, 0.0, 0.4665689218636665, 0.0, 0.0, 0.0, 0.0, 0.0, 0.5027589757023913, 0.0, 0.0, 0.0, 0.0, 0.0, 0.4173962432186036, 0.4319283791453017, 0.0, 0.0, 0.0, 0.0, 0.0, 0.0, 0.43367799079548885, 0.0, 0.48706626813771114, 0.0, 0.0, 0.0, 0.0, 0.0, 0.0, 0.0, 0.0, 0.0, 0.4184534525175787, 0.0, 0.0, 0.0, 0.0, 0.0, 0.0, 0.0, 0.0, 0.49582805155553866, 0.0, 0.0, 0.0, 0.5224224836521697, 0.0, 0.0, 0.48081141739563416, 0.0, 0.5463981666373102, 0.4169059403793187, 0.4872744555820987, 0.0, 0.41505220992685266, 0.0, 0.0, 0.0, 0.0, 0.0, 0.0, 0.0, 0.4308847260746351, 0.0, 0.0, 0.0, 0.0, 0.0, 0.0, 0.0, 0.0, 0.0, 0.0, 0.0, 0.5056443608785961, 0.0, 0.0, 0.0, 0.49930852185136443, 0.4089826024097144, 0.4221202244895972, 0.0, 0.4248216466173542, 0.0, 0.40924822267405236, 0.4416073140920733, 0.4302735022926971, 0.0, 0.0, 0.0, 0.0, 0.4192235517896479, 0.43944198469138374, 0.42574902220569677, 0.4059247091947885, 0.0, 0.4473551985955828, 0.4929010476984885, 0.430959676067292, 0.0, 0.42745302459100054, 0.432341826255334, 0.0, 0.41144594519667077, 0.42246899312574704, 0.0, 0.0, 0.46419325177152526, 0.0, 0.0, 0.45097326885507183, 0.0, 0.44752689890185837, 0.48380693368577243, 0.44460365751241704, 0.0, 0.0, 0.0, 0.0, 0.42275023475651374, 0.4437015351590642, 0.0, 0.0, 0.5185839453068961, 0.45770204529316993, 0.4428749305797315, 0.4161594844890497, 0.0, 0.0, 0.0, 0.0, 0.40993207318050984, 0.0, 0.0], [0.739641434736062, 0.7689944182140112, 0.6549724683572118, 0.7103060185088562, 0.8176830171300965, 0.6294520884664286, 1.0, 0.0, 0.7306837950549095, 0.8079863481620871, 0.7411152812529974, 0.5898215334540764, 0.7371498396637638, 0.0, 0.6941404138262334, 0.6503863825314407, 0.7861529428153496, 0.503845603095522, 0.548886269220181, 0.7109128415664836, 0.0, 0.0, 0.0, 0.0, 0.0, 0.4385713910408835, 0.0, 0.0, 0.0, 0.0, 0.0, 0.42690838551108357, 0.0, 0.0, 0.0, 0.0, 0.0, 0.0, 0.4150289004132669, 0.0, 0.505429490217266, 0.0, 0.5523685771338545, 0.44296444726717277, 0.0, 0.506972063990587, 0.42594648420911707, 0.5767791265287836, 0.4926942578726854, 0.0, 0.44400286636961594, 0.4434763643352817, 0.5935426631775285, 0.5083988004396318, 0.44875430994013865, 0.0, 0.5711368866854453, 0.5625349900529, 0.5297396448992141, 0.4962845161865276, 0.6248019628760851, 0.5268249801721974, 0.515222675272766, 0.6662435077831511, 0.0, 0.0, 0.6713057752014291, 0.47022387538127464, 0.5219234552059836, 0.0, 0.4772732518239865, 0.5135792248322556, 0.5994637007534852, 0.5190719243406569, 0.5047442483966953, 0.0, 0.5662444806394342, 0.5179779557278263, 0.5911855393195757, 0.5531275930476365, 0.0, 0.0, 0.4267889254475892, 0.0, 0.0, 0.4663460689745401, 0.0, 0.41096896694557616, 0.4604718572770281, 0.426067740649991, 0.0, 0.0, 0.4154745652446893, 0.4955775118554928, 0.46566796183298576, 0.0, 0.5609737662555584, 0.48183285384689134, 0.46807478018140114, 0.4418248501350337, 0.4823922169871453, 0.0, 0.0, 0.0, 0.0, 0.41727362552831104, 0.0, 0.5750468760381551, 0.0, 0.0, 0.0, 0.509522785182566, 0.0, 0.5070771775543663, 0.5840069350935315, 0.49237740388468687, 0.663443093530907, 0.4398043773194885, 0.0, 0.48005292774782604, 0.4281263068329354, 0.40823078174187855, 0.0, 0.4799531090257335, 0.4949225297806066, 0.5430202123615888, 0.4909013589862421, 0.47412863380635695, 0.5094406362769978, 0.5090838168893566, 0.5304897254861961, 0.4772293496637745, 0.4445828184404892, 0.4931678937770626, 0.0, 0.0, 0.48282279947164364, 0.4876747112346377, 0.0, 0.0, 0.45821130894818585, 0.0, 0.0, 0.0, 0.47301601243259217, 0.45005182071824334, 0.4861768733461437, 0.0, 0.49150740471693877, 0.0, 0.4747979523283389, 0.4189448885378142, 0.4156722461764043, 0.0, 0.49387016759759783, 0.0, 0.0, 0.46421984531119065, 0.47857462076162993, 0.4660231550366105, 0.53015898013941, 0.6039977862538771, 0.5480088804137024, 0.4930954161552148, 0.5534119600432837, 0.5893633039656649, 0.5154968660222696, 0.5344469486774823, 0.5068609540698203, 0.5080408765085305, 0.0, 0.0, 0.4617642506863431, 0.41196853488723484, 0.500538890788027, 0.4928544124910177, 0.6373030760622531, 0.44450961951518864, 0.5663230739506071, 0.6375521788197147, 0.4932660980520791, 0.41391086430401536, 0.4068899120530024, 0.46805962841367, 0.46224747253409415, 0.5212427422627729, 0.0, 0.0, 0.43559453561183725, 0.5576212647436399, 0.5334611607987433, 0.5137691978867736, 0.5015403391331895, 0.43721913530250767, 0.41120668623962064, 0.0, 0.0, 0.48447559506006765, 0.46578821960493233, 0.4672692374952858], [0.0, 0.0, 0.0, 0.0, 0.0, 0.518866255845971, 0.0, 1.0, 0.0, 0.0, 0.0, 0.5003436166610645, 0.0, 0.7355002162918312, 0.4602485270385793, 0.0, 0.0, 0.6047271204564842, 0.0, 0.0, 0.0, 0.0, 0.0, 0.0, 0.0, 0.0, 0.0, 0.0, 0.0, 0.0, 0.0, 0.0, 0.0, 0.0, 0.0, 0.0, 0.0, 0.0, 0.0, 0.0, 0.0, 0.0, 0.4774081883342207, 0.4132525742212225, 0.48634906728759697, 0.0, 0.0, 0.0, 0.0, 0.0, 0.0, 0.0, 0.0, 0.0, 0.0, 0.0, 0.0, 0.0, 0.0, 0.0, 0.0, 0.0, 0.0, 0.0, 0.0, 0.0, 0.0, 0.0, 0.0, 0.0, 0.0, 0.0, 0.0, 0.0, 0.0, 0.0, 0.0, 0.0, 0.0, 0.0, 0.0, 0.0, 0.0, 0.0, 0.0, 0.0, 0.0, 0.0, 0.0, 0.0, 0.0, 0.0, 0.0, 0.0, 0.0, 0.0, 0.0, 0.0, 0.0, 0.0, 0.0, 0.0, 0.0, 0.0, 0.0, 0.0, 0.0, 0.0, 0.0, 0.0, 0.0, 0.0, 0.0, 0.0, 0.0, 0.0, 0.0, 0.0, 0.48008253000777956, 0.0, 0.0, 0.0, 0.0, 0.0, 0.0, 0.0, 0.0, 0.0, 0.0, 0.0, 0.0, 0.0, 0.0, 0.0, 0.0, 0.0, 0.0, 0.0, 0.0, 0.0, 0.0, 0.0, 0.0, 0.0, 0.0, 0.0, 0.0, 0.0, 0.0, 0.0, 0.0, 0.0, 0.0, 0.0, 0.0, 0.0, 0.0, 0.0, 0.0, 0.0, 0.0, 0.0, 0.0, 0.0, 0.0, 0.0, 0.0, 0.0, 0.0, 0.0, 0.0, 0.0, 0.0, 0.0, 0.0, 0.0, 0.0, 0.0, 0.0, 0.0, 0.0, 0.0, 0.0, 0.0, 0.0, 0.0, 0.0, 0.0, 0.0, 0.0, 0.0, 0.0, 0.0, 0.0, 0.0, 0.0, 0.0, 0.0, 0.0, 0.0], [0.6548911473009652, 0.6412403284664049, 0.8060643346363998, 0.8067960214143487, 0.7028759104727799, 0.667837043747085, 0.7306837950549095, 0.0, 1.0, 0.8280801389433613, 0.8650003915893246, 0.5987743314201004, 0.8662262536580541, 0.0, 0.5953781165390016, 0.6767197808003175, 0.6547252093396373, 0.5215951432297976, 0.4392957971671545, 0.9068659735318235, 0.0, 0.0, 0.0, 0.0, 0.0, 0.4421299199064358, 0.0, 0.0, 0.0, 0.4861556780494759, 0.0, 0.0, 0.0, 0.0, 0.0, 0.0, 0.0, 0.0, 0.0, 0.0, 0.5744728641475404, 0.5041720235323603, 0.6337365816458338, 0.6029132150147756, 0.49220286003904945, 0.6705656539005888, 0.4290150366746841, 0.5775075675440494, 0.6381793754962654, 0.0, 0.4392735636331009, 0.4866998218744447, 0.6104562604089361, 0.5801703097084783, 0.41116694434030865, 0.0, 0.5947920901117238, 0.5527635418533301, 0.43768621211536063, 0.5071446616026208, 0.6378898470991041, 0.6146556856249146, 0.625696906266651, 0.7027291398342405, 0.43273672308835587, 0.4450395721407816, 0.6739462704031509, 0.6094848772710845, 0.63218634196163, 0.0, 0.6111453045031354, 0.5711504440366623, 0.611898306071253, 0.5345112569064656, 0.48495859094278293, 0.5167542986579404, 0.6434777680320688, 0.5314348621167932, 0.6132167313663703, 0.511235898315604, 0.0, 0.42535359569966824, 0.46674715906114383, 0.0, 0.0, 0.5459912869601791, 0.0, 0.40889511244181853, 0.5245618692991896, 0.4172741609943176, 0.4991404721278536, 0.43529840568859623, 0.4310559903639498, 0.48583135108554565, 0.505949233707946, 0.0, 0.4651613554323606, 0.4453351324357445, 0.5173050628531003, 0.4601507274750575, 0.5326674762123879, 0.0, 0.0, 0.0, 0.0, 0.49617108958502465, 0.4231905856237421, 0.7078515004656384, 0.0, 0.0, 0.42087873751974625, 0.7095348942865957, 0.0, 0.5438400493649276, 0.5933221915643386, 0.5551178464996428, 0.7596001857280894, 0.46377935828195593, 0.5407598846909912, 0.5405793409671437, 0.5594100427887099, 0.5325584253578647, 0.511682655392814, 0.5921779297477656, 0.6576770430373311, 0.7147253847530938, 0.6347355580461554, 0.5694070136780994, 0.5591788647053381, 0.5880258739722398, 0.6453511437356313, 0.6388178072927494, 0.5766704381058072, 0.614917282112522, 0.5520419638968134, 0.5823094153775484, 0.6220141569041434, 0.5972632784425081, 0.42040788126242945, 0.4719952098537348, 0.4738425567829432, 0.42440978911969296, 0.42714197239185625, 0.0, 0.5716494166011385, 0.45562729529506907, 0.4518853802028826, 0.429379777018132, 0.5026457096549587, 0.4265908041246145, 0.4940174067137387, 0.48245661258326766, 0.4442923675643242, 0.0, 0.4342017671656372, 0.4942809309008369, 0.0, 0.49435980472929275, 0.5045282609055863, 0.4364685329322213, 0.5058775877811886, 0.48893780735796, 0.5743184517963367, 0.5966746522968042, 0.5360541563829849, 0.5394263681484098, 0.5334990514936447, 0.5334745866163763, 0.5594055298493016, 0.49840411897660397, 0.45142943758623577, 0.47203910338816346, 0.5027569425530046, 0.6123838461999079, 0.46692406863792457, 0.5026120205480288, 0.5661654317885034, 0.4391458386799476, 0.6076800343494264, 0.617781589423404, 0.44148287648962725, 0.4228147771738131, 0.4360845501116174, 0.446650847679932, 0.4408638601740209, 0.506485571383374, 0.5287085218668803, 0.0, 0.46512422261008135, 0.7219401232085983, 0.533231109725827, 0.5721590408957221, 0.5856107940859172, 0.4511242523948473, 0.0, 0.4632841721148393, 0.48882523782529363, 0.5422885634053098, 0.4964712875664684, 0.5004806390151768], [0.732967303101057, 0.7330311439546989, 0.7690530260115622, 0.8195569154245048, 0.7428086410765548, 0.5618330156067137, 0.8079863481620871, 0.0, 0.8280801389433613, 1.0, 0.8839416225069503, 0.5570786754437617, 0.847679629451119, 0.0, 0.5919374023522869, 0.6312709742447886, 0.7479187843733943, 0.47007060634193065, 0.4544356066004307, 0.8433260054612209, 0.0, 0.0, 0.0, 0.0, 0.0, 0.4370647545320294, 0.0, 0.0, 0.0, 0.0, 0.0, 0.41566779833813916, 0.0, 0.0, 0.0, 0.0, 0.0, 0.0, 0.0, 0.0, 0.5118517848605647, 0.4356585415246692, 0.6030301535885747, 0.4826371981135955, 0.0, 0.5775885090815727, 0.0, 0.5687074314913717, 0.550212674133447, 0.0, 0.0, 0.4154490657619938, 0.5885187559503636, 0.5073748614994246, 0.42561760017141426, 0.0, 0.5966742845912254, 0.5056155494078249, 0.4091951977411955, 0.435400435365064, 0.6421901857030761, 0.5839600770901735, 0.5716969419825396, 0.6899158197846704, 0.0, 0.0, 0.7172137011564627, 0.6155323824624298, 0.5573829276267116, 0.0, 0.5069806160682264, 0.5474126600701597, 0.5499153471297987, 0.5278689331664163, 0.48999450558808855, 0.0, 0.6160394598186321, 0.5263910683754485, 0.58668130385069, 0.49325049364928697, 0.0, 0.4169236381076955, 0.440989720160031, 0.0, 0.0, 0.46595527690885774, 0.0, 0.4233629456928306, 0.0, 0.0, 0.0, 0.0, 0.416959995187296, 0.4739641830440817, 0.4861074294356209, 0.0, 0.4565467879743381, 0.42945350054339304, 0.4608142331371661, 0.0, 0.48746224838445096, 0.0, 0.0, 0.47003155064010693, 0.0, 0.4122226599588896, 0.0, 0.6345721549642057, 0.0, 0.0, 0.4633709993131371, 0.5539650658727692, 0.0, 0.5263701044979937, 0.6317815265430176, 0.558793974107053, 0.648884402149513, 0.4218547655985736, 0.41371689698017655, 0.5411601226685513, 0.4385633480219414, 0.4377142107818748, 0.0, 0.4601488697044078, 0.5129082422352815, 0.600450957632036, 0.5573777145981993, 0.491601294182092, 0.4985361144833349, 0.44890717038740435, 0.58641264889155, 0.4300905995297386, 0.0, 0.5356885480513911, 0.0, 0.4467343489386266, 0.5404022342891704, 0.48119855619115726, 0.0, 0.0, 0.4451593213347803, 0.0, 0.0, 0.0, 0.4744751453606507, 0.4640855244722977, 0.48741884113333467, 0.0, 0.49384278341320065, 0.0, 0.4817998360760978, 0.4382820060829643, 0.0, 0.0, 0.4822728598051367, 0.0, 0.0, 0.44206718761541997, 0.4850349563761729, 0.4355102516221687, 0.5099262636327795, 0.5655540853556404, 0.5286833505058818, 0.4588747294306835, 0.5215157647031711, 0.5416869663425906, 0.5009388119805708, 0.5095312668479889, 0.5079941008292428, 0.5045192601561913, 0.0, 0.0, 0.0, 0.424732313109192, 0.4759811728282728, 0.5127179220469434, 0.6430534238206134, 0.0, 0.594597067611781, 0.6164816925363147, 0.0, 0.43918476167032505, 0.445525238631034, 0.4714449180575795, 0.4233736727687425, 0.44663415954632124, 0.0, 0.0, 0.4347486430185825, 0.5861034727132886, 0.46667190046636187, 0.41402579405264706, 0.4762497821942797, 0.43392584933221434, 0.0, 0.0, 0.0, 0.492412048291889, 0.0, 0.46666909774715293], [0.760059532281908, 0.7094803322458842, 0.8464257712777763, 0.8414878971164, 0.7260830644908557, 0.5915695018067566, 0.7411152812529974, 0.0, 0.8650003915893246, 0.8839416225069503, 1.0, 0.5182340667131724, 0.8911501171835281, 0.0, 0.5891976817704341, 0.66274578014364, 0.7367996561010353, 0.50413869019143, 0.4707128967145574, 0.8824808009921994, 0.0, 0.0, 0.0, 0.0, 0.0, 0.43738474701100505, 0.0, 0.0, 0.0, 0.4411917054234398, 0.0, 0.0, 0.0, 0.0, 0.0, 0.0, 0.0, 0.0, 0.0, 0.0, 0.5546044829266729, 0.4537604687956549, 0.6064620360641427, 0.5167152993737784, 0.0, 0.6068339444018279, 0.0, 0.544098175988433, 0.5704410096012705, 0.0, 0.0, 0.449327369270646, 0.6162351661811973, 0.526769885984744, 0.521468850343051, 0.0, 0.5693263875457905, 0.4789950668095988, 0.0, 0.449329271193331, 0.7064112691503645, 0.6141004139690388, 0.523952269163471, 0.6847502377787585, 0.0, 0.0, 0.7203134137718833, 0.5948442074559852, 0.5950651782381591, 0.0, 0.5386715245084193, 0.5931096892401096, 0.5798854655118478, 0.481507130327785, 0.5266901696041402, 0.0, 0.5705616619946531, 0.6122776553603962, 0.6327960601988429, 0.5593669237244032, 0.0, 0.4676404484133836, 0.0, 0.0, 0.0, 0.44547402104571276, 0.0, 0.0, 0.50033742162694, 0.4633047088207055, 0.0, 0.4751200752981024, 0.4514281799428339, 0.48927147111186264, 0.49869659144500034, 0.0, 0.45403185467334795, 0.0, 0.4152902309810742, 0.45462073392870406, 0.5967479596647233, 0.0, 0.0, 0.49136288352050483, 0.0, 0.4789125566684138, 0.448095994223221, 0.6789604043424986, 0.0, 0.0, 0.45544868364501256, 0.5822884940251984, 0.0, 0.6409609933513898, 0.6647969401003472, 0.5941543552314512, 0.6764338140995357, 0.5040430831729467, 0.5051848360620217, 0.5803911608379911, 0.5488623481958826, 0.5070260842881017, 0.44357942326182065, 0.5472905814254271, 0.6159393505363895, 0.6963272215037537, 0.627863784839879, 0.5500407305592281, 0.5385172510107112, 0.5448491402334142, 0.6344225965807334, 0.5686227084801306, 0.4903039570546296, 0.6259352768728246, 0.5361848318147016, 0.5626465738560288, 0.6049127042233141, 0.5695850392040137, 0.0, 0.45260902874499254, 0.4773331881743781, 0.0, 0.0, 0.0, 0.5434903242315455, 0.44774737415655785, 0.44914873013533474, 0.4211249316477049, 0.5026385164551876, 0.0, 0.5086580237431572, 0.4803047327502138, 0.45022288708604585, 0.0, 0.4173696262149864, 0.44060280095386406, 0.0, 0.4232729781795894, 0.5275465116413613, 0.4639649278013981, 0.5528826275000092, 0.5751722508164226, 0.5845301542052932, 0.48020888523612015, 0.5520015001106017, 0.5500760095201018, 0.5774431327506027, 0.5764778322514272, 0.5831993440511931, 0.4871728957595576, 0.0, 0.5059065176775659, 0.45272426560038204, 0.5039158593457567, 0.5023529959704433, 0.5529925435832731, 0.6949471418244053, 0.0, 0.6584406640922028, 0.6921727458929064, 0.4086874248563247, 0.41602954871017384, 0.42942460712442343, 0.4470916882032605, 0.42590064496166224, 0.4793971992804693, 0.43818666186315913, 0.0, 0.44629126640910444, 0.5799274487718772, 0.5293847947672565, 0.44202721748247975, 0.5376769461378854, 0.4191412180383851, 0.0, 0.43186502500638135, 0.0, 0.5877629218984836, 0.41935539455161475, 0.4912767364285655], [0.6074566032918473, 0.5760507903236852, 0.4272299612438265, 0.5114889488363795, 0.7297229887988376, 0.7951836763679608, 0.5898215334540764, 0.5003436166610645, 0.5987743314201004, 0.5570786754437617, 0.5182340667131724, 1.0, 0.586386360402338, 0.513115689745926, 0.6839171181746332, 0.6643772729851319, 0.5663667577893334, 0.7413774091892138, 0.4976974745526639, 0.5409651268666372, 0.0, 0.0, 0.0, 0.0, 0.0, 0.0, 0.0, 0.0, 0.0, 0.0, 0.0, 0.0, 0.0, 0.0, 0.0, 0.0, 0.0, 0.0, 0.0, 0.0, 0.0, 0.0, 0.5876293850558683, 0.4958235661194891, 0.0, 0.5946643492584943, 0.0, 0.501914750596571, 0.4861268740002529, 0.0, 0.0, 0.435770176753441, 0.4983851362129763, 0.4808034658335383, 0.0, 0.0, 0.4719143635601093, 0.41091502957140014, 0.44747448993401684, 0.0, 0.44171546290705965, 0.0, 0.5090562237558914, 0.5143571341202, 0.0, 0.0, 0.4426108437133829, 0.4143653943025316, 0.4113020677148512, 0.0, 0.40905085569973454, 0.0, 0.5344908282233525, 0.0, 0.0, 0.4063669433019619, 0.48775472618061366, 0.0, 0.4659379017878129, 0.4187664359267407, 0.0, 0.0, 0.0, 0.0, 0.0, 0.4098435734930126, 0.4674456043011185, 0.0, 0.0, 0.0, 0.0, 0.0, 0.0, 0.0, 0.0, 0.0, 0.0, 0.0, 0.4556831359494109, 0.0, 0.0, 0.0, 0.0, 0.0, 0.0, 0.0, 0.0, 0.4964195809620364, 0.0, 0.0, 0.0, 0.5857644272838797, 0.0, 0.0, 0.0, 0.0, 0.5738484188653016, 0.0, 0.5210650777522365, 0.0, 0.0, 0.0, 0.0, 0.0, 0.0, 0.0, 0.0, 0.0, 0.0, 0.0, 0.0, 0.0, 0.0, 0.0, 0.0, 0.0, 0.0, 0.0, 0.0, 0.0, 0.0, 0.0, 0.0, 0.0, 0.4243831927503914, 0.0, 0.0, 0.0, 0.0, 0.0, 0.0, 0.0, 0.0, 0.0, 0.0, 0.0, 0.0, 0.0, 0.0, 0.0, 0.0, 0.0, 0.0, 0.4457098712685996, 0.0, 0.0, 0.0, 0.0, 0.0, 0.0, 0.0, 0.0, 0.0, 0.4341765925444825, 0.0, 0.0, 0.42285898511728215, 0.0, 0.4288599269365847, 0.457133578237526, 0.0, 0.0, 0.0, 0.0, 0.0, 0.0, 0.0, 0.0, 0.0, 0.5297644457654743, 0.0, 0.0, 0.0, 0.0, 0.0, 0.0, 0.0, 0.0, 0.0, 0.0], [0.7791313365648384, 0.7021808184895733, 0.7761608331756895, 0.8625377076874664, 0.6852213761883613, 0.6400627868026108, 0.7371498396637638, 0.0, 0.8662262536580541, 0.847679629451119, 0.8911501171835281, 0.586386360402338, 1.0, 0.0, 0.6273850550836775, 0.7006423860191061, 0.7454114843302844, 0.5623484062783376, 0.483154341996733, 0.9402175001607457, 0.0, 0.0, 0.0, 0.0, 0.0, 0.47636800447708094, 0.0, 0.0, 0.0, 0.4749100748584605, 0.0, 0.0, 0.0, 0.0, 0.0, 0.0, 0.0, 0.0, 0.0, 0.0, 0.5806806151145226, 0.510353506483164, 0.653823515992962, 0.5202878553785404, 0.0, 0.6710116964584164, 0.0, 0.5779973026859537, 0.5863275666843811, 0.0, 0.4093893321863282, 0.49488455862228986, 0.638527063056713, 0.5914325856129939, 0.4706564750186383, 0.0, 0.616643902487836, 0.5146743621176608, 0.4447912503346825, 0.4932201067987363, 0.6625311402909712, 0.6044298449518598, 0.4808386809345442, 0.6445019374094441, 0.0, 0.0, 0.6803886419770095, 0.5725513973723969, 0.5210463613694701, 0.0, 0.44871620790527667, 0.6209720879723707, 0.529498465540691, 0.49465473173238794, 0.5372987654022822, 0.0, 0.542293793255996, 0.6002658141725885, 0.5872056238179738, 0.5056921547577385, 0.0, 0.4327298375066001, 0.4429438397892138, 0.0, 0.0, 0.4775918255084435, 0.0, 0.0, 0.5298569717841234, 0.460199661976859, 0.43277242427700835, 0.4735504450327054, 0.42723357377296833, 0.5073427112450942, 0.5109618440551378, 0.0, 0.4594812724470889, 0.4317210072966029, 0.4519112179616347, 0.5018619082335327, 0.5611857395435206, 0.0, 0.0, 0.47233552323964445, 0.0, 0.43598707362337086, 0.4605146930080519, 0.6617106327255653, 0.0, 0.0, 0.4416126843140411, 0.6206217020048603, 0.0, 0.5835130087111642, 0.6006878435351062, 0.5509225802628711, 0.6821571387644436, 0.49266029818064694, 0.4769596776470564, 0.5368688375143505, 0.6366964236605462, 0.550726923440983, 0.500946487319898, 0.5518052075347704, 0.6799408783116396, 0.6939522041694368, 0.6673744870700833, 0.6029138413114087, 0.613797013598782, 0.6478450331081425, 0.716626535978248, 0.6523181010747182, 0.5635081503783033, 0.6328551815569201, 0.5673326451111349, 0.6355816932187176, 0.6529906558630043, 0.6272557529434942, 0.0, 0.44984336387957, 0.5059927409570323, 0.0, 0.0, 0.0, 0.5205281896579039, 0.4545615801432068, 0.47256135847844083, 0.4114752281467895, 0.4950545035136109, 0.4223508659714572, 0.47716513053448195, 0.48666751389311314, 0.4442838847098445, 0.0, 0.44194275405626193, 0.500901426064785, 0.0, 0.445602787932156, 0.5113562680734867, 0.44188737969152525, 0.5536768030042203, 0.5101655375219154, 0.5976753891499579, 0.4990877703928951, 0.5502461238245147, 0.5650000858876838, 0.5659284369135514, 0.572121932217393, 0.5471921263267281, 0.5238198943888772, 0.0, 0.5470668252709097, 0.4916321566050903, 0.5133555324523028, 0.49944084573070247, 0.5671622156508883, 0.6547032271688008, 0.0, 0.6237030201436219, 0.6492511798531784, 0.49408461703098916, 0.42830264920875494, 0.4459048190377135, 0.4560216160461419, 0.4456874286179042, 0.5296682582973411, 0.4162655499002409, 0.0, 0.4844268857117974, 0.6781607327517495, 0.5545796008753985, 0.5183298962574946, 0.5686581026905045, 0.42645980154040797, 0.43055672145235757, 0.42585967025781446, 0.4533130876117726, 0.5547251649100465, 0.47890974133641107, 0.4798483193751695], [0.0, 0.0, 0.0, 0.0, 0.0, 0.5830851558829427, 0.0, 0.7355002162918312, 0.0, 0.0, 0.0, 0.513115689745926, 0.0, 1.0, 0.5489948715831633, 0.0, 0.0, 0.6572451027314941, 0.4318246312841709, 0.0, 0.0, 0.0, 0.0, 0.0, 0.0, 0.0, 0.0, 0.0, 0.0, 0.0, 0.0, 0.0, 0.0, 0.0, 0.0, 0.0, 0.0, 0.0, 0.0, 0.0, 0.0, 0.0, 0.5332187107346031, 0.4946500805909071, 0.5251494526707277, 0.4371322824308429, 0.0, 0.5080725062317739, 0.4352024253899659, 0.0, 0.0, 0.4397805719744261, 0.467862431981668, 0.429245762814789, 0.0, 0.0, 0.44277317175706843, 0.0, 0.0, 0.0, 0.0, 0.0, 0.0, 0.0, 0.0, 0.0, 0.0, 0.0, 0.0, 0.0, 0.0, 0.0, 0.0, 0.0, 0.0, 0.0, 0.0, 0.0, 0.0, 0.0, 0.0, 0.0, 0.0, 0.0, 0.0, 0.0, 0.4559670581857267, 0.0, 0.0, 0.0, 0.0, 0.0, 0.0, 0.0, 0.0, 0.0, 0.0, 0.0, 0.0, 0.0, 0.0, 0.0, 0.0, 0.0, 0.0, 0.0, 0.0, 0.0, 0.0, 0.0, 0.0, 0.0, 0.0, 0.0, 0.0, 0.0, 0.0, 0.0, 0.0, 0.0, 0.0, 0.0, 0.0, 0.0, 0.0, 0.0, 0.0, 0.0, 0.0, 0.0, 0.0, 0.0, 0.0, 0.0, 0.0, 0.0, 0.0, 0.0, 0.0, 0.0, 0.0, 0.0, 0.0, 0.0, 0.0, 0.0, 0.0, 0.0, 0.0, 0.0, 0.0, 0.0, 0.0, 0.0, 0.0, 0.0, 0.0, 0.0, 0.0, 0.0, 0.0, 0.0, 0.0, 0.0, 0.0, 0.0, 0.0, 0.0, 0.0, 0.0, 0.0, 0.0, 0.0, 0.0, 0.0, 0.0, 0.0, 0.0, 0.0, 0.0, 0.0, 0.0, 0.0, 0.0, 0.0, 0.0, 0.0, 0.0, 0.0, 0.0, 0.0, 0.0, 0.0, 0.0, 0.0, 0.0, 0.0, 0.0, 0.0, 0.0], [0.7080236906658062, 0.7600429035110468, 0.4789118513498134, 0.5689603411235955, 0.7619704061990046, 0.7379785792324877, 0.6941404138262334, 0.4602485270385793, 0.5953781165390016, 0.5919374023522869, 0.5891976817704341, 0.6839171181746332, 0.6273850550836775, 0.5489948715831633, 1.0, 0.6268092429299396, 0.7624696951712293, 0.7436928049865642, 0.7955235031343858, 0.5894742025037669, 0.0, 0.0, 0.0, 0.0, 0.0, 0.43607670619700345, 0.0, 0.0, 0.0, 0.42009480208764716, 0.0, 0.0, 0.0, 0.0, 0.0, 0.0, 0.0, 0.0, 0.0, 0.0, 0.4254568756323449, 0.0, 0.4705105130010727, 0.41665740730856515, 0.0, 0.47456267033713895, 0.0, 0.5182811299990738, 0.5049004765477354, 0.0, 0.4130331705985063, 0.4136679695359531, 0.5001780414968032, 0.4765710277734172, 0.4345928422487788, 0.0, 0.4671089141184086, 0.5010202647132966, 0.4497387847878811, 0.4310551849533997, 0.42588791016713823, 0.42499462628830986, 0.41908381557981256, 0.4883137501800543, 0.0, 0.0, 0.5045444508527062, 0.0, 0.0, 0.0, 0.0, 0.0, 0.44079120058361765, 0.0, 0.0, 0.0, 0.0, 0.0, 0.49031078997096156, 0.4650473260459874, 0.0, 0.0, 0.0, 0.0, 0.0, 0.0, 0.41240364457683176, 0.0, 0.4179134566800472, 0.0, 0.0, 0.0, 0.0, 0.0, 0.0, 0.0, 0.44609379226706647, 0.0, 0.0, 0.0, 0.4210298715928672, 0.0, 0.0, 0.0, 0.0, 0.0, 0.0, 0.5220520351118915, 0.0, 0.0, 0.0, 0.5058470320079592, 0.0, 0.5159626923012244, 0.5295667916569866, 0.5131911788949098, 0.49351038348568976, 0.4450918421192114, 0.0, 0.489816566661712, 0.0, 0.0, 0.0, 0.0, 0.0, 0.4259721877185305, 0.0, 0.0, 0.413199781140408, 0.41308594540574195, 0.0, 0.42979777547453424, 0.4058198344889731, 0.0, 0.0, 0.0, 0.0, 0.0, 0.0, 0.0, 0.48314215166312113, 0.0, 0.0, 0.0, 0.48574339906606534, 0.0, 0.0, 0.0, 0.44059314138336514, 0.0, 0.42966896514870334, 0.4565866631582405, 0.45209233500215573, 0.0, 0.0, 0.0, 0.0, 0.0, 0.4904970301224374, 0.4727929206635588, 0.0, 0.0, 0.4302433183225076, 0.41778858952691333, 0.0, 0.0, 0.0, 0.0, 0.0, 0.0, 0.0, 0.0, 0.0, 0.0, 0.0, 0.0, 0.4518807144667367, 0.0, 0.0, 0.4287818927850211, 0.41474413807801735, 0.0, 0.0, 0.0, 0.0, 0.41448740834250375, 0.0, 0.0, 0.0, 0.4369944642796686, 0.4493837810904697, 0.4148518458159939, 0.4258174704247233, 0.0, 0.0, 0.0, 0.0, 0.4104111385629293, 0.0, 0.4081824002005019], [0.7441768322363792, 0.6848444605192454, 0.543876309199511, 0.6187457216626051, 0.7030970242668123, 0.6472434643367551, 0.6503863825314407, 0.0, 0.6767197808003175, 0.6312709742447886, 0.66274578014364, 0.6643772729851319, 0.7006423860191061, 0.0, 0.6268092429299396, 1.0, 0.6581732062006008, 0.6025936577353096, 0.46017772766917986, 0.6655816627611606, 0.0, 0.0, 0.0, 0.0, 0.0, 0.0, 0.0, 0.0, 0.0, 0.41804670053616944, 0.0, 0.0, 0.0, 0.0, 0.0, 0.0, 0.0, 0.0, 0.0, 0.0, 0.0, 0.0, 0.5121603202588865, 0.0, 0.0, 0.5061294250916757, 0.0, 0.0, 0.0, 0.0, 0.0, 0.0, 0.5194632192697425, 0.0, 0.0, 0.0, 0.452307100096327, 0.0, 0.0, 0.0, 0.42629501797549807, 0.0, 0.0, 0.4648990788742742, 0.0, 0.0, 0.4647439751198039, 0.0, 0.0, 0.0, 0.0, 0.0, 0.4389518959657296, 0.0, 0.0, 0.0, 0.4100649736355695, 0.0, 0.4547948757421809, 0.0, 0.0, 0.0, 0.0, 0.0, 0.0, 0.0, 0.0, 0.0, 0.44996596091651897, 0.0, 0.0, 0.0, 0.0, 0.4056944874039897, 0.0, 0.0, 0.0, 0.0, 0.0, 0.0, 0.0, 0.0, 0.0, 0.0, 0.0, 0.0, 0.0, 0.6651728117886019, 0.0, 0.0, 0.0, 0.5866599942760208, 0.0, 0.4092166037604783, 0.439134061601287, 0.0, 0.6109292450404586, 0.0, 0.4511214761987614, 0.0, 0.4925438683607166, 0.45279347081305454, 0.0, 0.4436733379923238, 0.46