{"mat": [[1.0, 0.0, 0.0, 0.20678824059449374, 0.0, -0.1174169911647347, 0.0, 0.1915977102684593, 0.0, 0.0, 0.0, 0.0, 0.0, 0.2550154847959827, 0.0, 0.12595235561063567, 0.0, 0.17590857477521415, -0.17370922594179938, -0.12930694543220222, -0.25293139670799625, 0.21455417779154928, 0.0, 0.10487617111290981, 0.0, 0.16681209522925589, -0.1724051009914369, 0.0, 0.2553881453852531], [0.0, 1.0, 0.0, 0.13493041401515815, 0.0, 0.30018780158368585, 0.31954274892247536, 0.10336334708252126, -0.12279772191057958, 0.0, 0.0, 0.0, 0.18161863957109015, 0.12180458115447967, -0.247371656925375, 0.0, -0.15503420320521744, 0.4665727239384936, 0.0, 0.0, 0.0, 0.0, 0.0, 0.0, 0.0, 0.0, 0.35799380027183303, 0.12931410691297396, 0.0], [0.0, 0.0, 1.0, 0.2796902776058192, 0.0, 0.0, 0.18231839567777597, 0.0, 0.0, 0.0, 0.0, -0.15121266769999853, 0.0, -0.16125043358953217, -0.23345823817992084, 0.0, 0.0, 0.0, 0.0, -0.1382204376458942, -0.17232474547701293, 0.0, 0.0, 0.26074555167626434, 0.0, 0.0, 0.0, 0.0, 0.0], [0.20678824059449374, 0.13493041401515815, 0.2796902776058192, 1.0, 0.1358557566198586, -0.2638801095458745, 0.15876579136167823, 0.21183994607155188, 0.0, 0.1550302810006472, -0.1851857241192325, -0.10946110194862824, 0.0, -0.15028837557828378, 0.0, 0.0, 0.26062636783478343, 0.14255283230868665, 0.18627456523097585, -0.12679074612338037, 0.0, 0.37817081537262587, 0.0, 0.0, 0.20017194689561613, -0.3188402049661194, -0.12018493676531938, 0.0, 0.5124999309544348], [0.0, 0.0, 0.0, 0.1358557566198586, 1.0, 0.0, 0.31128384520949104, 0.11237791181456824, -0.1367768725119911, 0.0, 0.0, 0.0, 0.2577430463118918, 0.0, 0.20247400119411685, 0.13583532336260173, 0.3031393391596999, 0.16393283929341507, 0.2619071884752828, 0.0, 0.0, 0.12578645798888544, 0.0, 0.0, 0.11238161253322088, 0.0, -0.105546487269077, 0.1122034787870072, 0.2528881847440754], [-0.1174169911647347, 0.30018780158368585, 0.0, -0.2638801095458745, 0.0, 1.0, 0.2341388451473041, 0.0, 0.0, -0.18760664758230838, 0.0, 0.0, 0.0, 0.0, -0.149424072349996, 0.0, -0.12592763889257985, 0.0, 0.0, 0.0, -0.11985887868505096, 0.0, 0.24134352847338025, 0.0, 0.0, 0.13747524867931737, 0.2968029690009035, 0.13961511844928476, -0.15747915451982264], [0.0, 0.31954274892247536, 0.18231839567777597, 0.15876579136167823, 0.31128384520949104, 0.2341388451473041, 1.0, 0.0, -0.15115188847119132, 0.0, -0.12120642282787886, 0.0, 0.1783179867729039, -0.20146997736242955, 0.0, 0.0, 0.0, 0.1056625862896885, 0.0, 0.0, -0.11913242195083917, -0.10514399296686561, 0.2825759775602039, 0.48164077029197616, 0.0, -0.11449166879040718, 0.0, 0.0, 0.0], [0.1915977102684593, 0.10336334708252126, 0.0, 0.21183994607155188, 0.11237791181456824, 0.0, 0.0, 1.0, 0.0, 0.0, 0.0, 0.0, 0.0, -0.10666485171823559, 0.0, 0.3457706182018856, 0.3420427769063019, 0.0, 0.29109456145385915, 0.1772998244795727, 0.0, 0.21293020983385547, 0.22878746748916146, -0.12846774044223652, 0.5632993205288214, 0.0, 0.0, 0.15040311901497472, 0.2429931929220196], [0.0, -0.12279772191057958, 0.0, 0.0, -0.1367768725119911, 0.0, -0.15115188847119132, 0.0, 1.0, 0.31347324036975854, 0.0, 0.0, 0.0, 0.0, 0.24743102390216676, 0.0, 0.16787770773017396, -0.14303406135593177, 0.0, -0.1307472355277981, 0.0, 0.0, 0.0, 0.0, 0.0, 0.0, 0.0, -0.2737668588858586, 0.0], [0.0, 0.0, 0.0, 0.1550302810006472, 0.0, -0.18760664758230838, 0.0, 0.0, 0.31347324036975854, 1.0, 0.0, 0.0, 0.0, 0.0, 0.1764778527054891, 0.0, 0.3436895473418342, 0.0, 0.0, 0.0, -0.10577012133133401, 0.29677901943285423, 0.0, -0.11238772287923293, 0.0, 0.17978083270943057, -0.12326334322555876, 0.0, 0.38969136827107786], [0.0, 0.0, 0.0, -0.1851857241192325, 0.0, 0.0, -0.12120642282787886, 0.0, 0.0, 0.0, 1.0, -0.12083751249945429, 0.0, -0.12698170399282893, 0.13181771915378004, 0.0, 0.0, -0.2090634046784814, 0.0, 0.10559605817930806, -0.11222144577228632, 0.0, 0.0, 0.19219690847001436, -0.11005460277197199, 0.22074989362881225, 0.11480435123955546, 0.2573692514130358, 0.0], [0.0, 0.0, -0.15121266769999853, -0.10946110194862824, 0.0, 0.0, 0.0, 0.0, 0.0, 0.0, -0.12083751249945429, 1.0, 0.5012369154790427, 0.10763789938223123, 0.0, 0.22465046507808684, 0.0, 0.0, -0.2607136279688884, -0.1484243958183038, 0.0, 0.0, 0.0, -0.17763150504810055, 0.16851758855034338, -0.10004937615893361, 0.0, 0.0, 0.0], [0.0, 0.18161863957109015, 0.0, 0.0, 0.2577430463118918, 0.0, 0.1783179867729039, 0.0, 0.0, 0.0, 0.0, 0.5012369154790427, 1.0, 0.0, 0.0, 0.5226679748389557, 0.0, 0.0, 0.0, 0.0, -0.11080475789802846, -0.12838601529754579, 0.18374507609914825, 0.0, 0.0, 0.0, 0.0, 0.18851276587992805, -0.11523228932231389], [0.2550154847959827, 0.12180458115447967, -0.16125043358953217, -0.15028837557828378, 0.0, 0.0, -0.20146997736242955, -0.10666485171823559, 0.0, 0.0, -0.12698170399282893, 0.10763789938223123, 0.0, 1.0, 0.0, 0.0, -0.21744456828216174, 0.529968828385528, -0.14432350218565282, -0.10437703270889087, -0.25493410960412843, 0.13063732821837226, 0.0, -0.21043800854823447, -0.15863632120340387, 0.4222767901245068, 0.128163382274183, 0.0, 0.0], [0.0, -0.247371656925375, -0.23345823817992084, 0.0, 0.20247400119411685, -0.149424072349996, 0.0, 0.0, 0.24743102390216676, 0.1764778527054891, 0.13181771915378004, 0.0, 0.0, 0.0, 1.0, 0.1128226714540197, 0.18848754872655982, -0.15571720172348935, 0.13981949075672429, 0.0, 0.0, 0.1439266679362019, 0.0, 0.0, 0.0, 0.13869965977492438, -0.37663976905617136, 0.0, 0.2731167735677864], [0.12595235561063567, 0.0, 0.0, 0.0, 0.13583532336260173, 0.0, 0.0, 0.3457706182018856, 0.0, 0.0, 0.0, 0.22465046507808684, 0.5226679748389557, 0.0, 0.1128226714540197, 1.0, 0.0, 0.0, 0.0, 0.0, 0.0, 0.0, 0.0, 0.0, 0.29274223521842235, 0.0, 0.0, 0.0, 0.0], [0.0, -0.15503420320521744, 0.0, 0.26062636783478343, 0.3031393391596999, -0.12592763889257985, 0.0, 0.3420427769063019, 0.16787770773017396, 0.3436895473418342, 0.0, 0.0, 0.0, -0.21744456828216174, 0.18848754872655982, 0.0, 1.0, -0.2619500894931237, 0.2859255314581802, 0.0, 0.0, 0.3359904710817001, -0.11787726868045922, -0.15791022142283473, 0.43140892614346993, -0.16203549513814552, -0.1607148155480187, 0.0, 0.6291679148905204], [0.17590857477521415, 0.4665727239384936, 0.0, 0.14255283230868665, 0.16393283929341507, 0.0, 0.1056625862896885, 0.0, -0.14303406135593177, 0.0, -0.2090634046784814, 0.0, 0.0, 0.529968828385528, -0.15571720172348935, 0.0, -0.2619500894931237, 1.0, 0.0, 0.0, 0.0, 0.10321563698248148, 0.23688167281517647, -0.18065648048499927, -0.2955549819538259, 0.21285842254296639, 0.16167505870861076, 0.19514611278314264, 0.0], [-0.17370922594179938, 0.0, 0.0, 0.18627456523097585, 0.2619071884752828, 0.0, 0.0, 0.29109456145385915, 0.0, 0.0, 0.0, -0.2607136279688884, 0.0, -0.14432350218565282, 0.13981949075672429, 0.0, 0.2859255314581802, 0.0, 1.0, 0.28887878700089, 0.0, 0.0, 0.14431706830793722, 0.0, 0.14234313363599427, -0.1492574069424717, -0.1271894478461768, 0.345626070521607, 0.0], [-0.12930694543220222, 0.0, -0.1382204376458942, -0.12679074612338037, 0.0, 0.0, 0.0, 0.1772998244795727, -0.1307472355277981, 0.0, 0.10559605817930806, -0.1484243958183038, 0.0, -0.10437703270889087, 0.0, 0.0, 0.0, 0.0, 0.28887878700089, 1.0, -0.2040290029442524, -0.18522285102554825, 0.10989813217010935, 0.20574139387360435, 0.0, 0.0, 0.0, 0.2933824164395983, -0.1105898471111717], [-0.25293139670799625, 0.0, -0.17232474547701293, 0.0, 0.0, -0.11985887868505096, -0.11913242195083917, 0.0, 0.0, -0.10577012133133401, -0.11222144577228632, 0.0, -0.11080475789802846, -0.25493410960412843, 0.0, 0.0, 0.0, 0.0, 0.0, -0.2040290029442524, 1.0, 0.0, -0.22537513440712376, 0.0, 0.0, -0.20623060795643378, 0.0, -0.16759987195670445, -0.12845748442882554], [0.21455417779154928, 0.0, 0.0, 0.37817081537262587, 0.12578645798888544, 0.0, -0.10514399296686561, 0.21293020983385547, 0.0, 0.29677901943285423, 0.0, 0.0, -0.12838601529754579, 0.13063732821837226, 0.1439266679362019, 0.0, 0.3359904710817001, 0.10321563698248148, 0.0, -0.18522285102554825, 0.0, 1.0, 0.0, -0.11314455075536278, 0.39489361127539513, 0.1611137841501885, 0.0, 0.0, 0.6650434552583075], [0.0, 0.0, 0.0, 0.0, 0.0, 0.24134352847338025, 0.2825759775602039, 0.22878746748916146, 0.0, 0.0, 0.0, 0.0, 0.18374507609914825, 0.0, 0.0, 0.0, -0.11787726868045922, 0.23688167281517647, 0.14431706830793722, 0.10989813217010935, -0.22537513440712376, 0.0, 1.0, 0.0, 0.0, 0.0, 0.0, 0.4960044945893993, 0.0], [0.10487617111290981, 0.0, 0.26074555167626434, 0.0, 0.0, 0.0, 0.48164077029197616, -0.12846774044223652, 0.0, -0.11238772287923293, 0.19219690847001436, -0.17763150504810055, 0.0, -0.21043800854823447, 0.0, 0.0, -0.15791022142283473, -0.18065648048499927, 0.0, 0.20574139387360435, 0.0, -0.11314455075536278, 0.0, 1.0, -0.15822791145256554, 0.0, 0.15277686153603276, 0.11217270644748556, 0.0], [0.0, 0.0, 0.0, 0.20017194689561613, 0.11238161253322088, 0.0, 0.0, 0.5632993205288214, 0.0, 0.0, -0.11005460277197199, 0.16851758855034338, 0.0, -0.15863632120340387, 0.0, 0.29274223521842235, 0.43140892614346993, -0.2955549819538259, 0.14234313363599427, 0.0, 0.0, 0.39489361127539513, 0.0, -0.15822791145256554, 1.0, 0.0, 0.0, -0.2200104025748051, 0.2682642578236454], [0.16681209522925589, 0.0, 0.0, -0.3188402049661194, 0.0, 0.13747524867931737, -0.11449166879040718, 0.0, 0.0, 0.17978083270943057, 0.22074989362881225, -0.10004937615893361, 0.0, 0.4222767901245068, 0.13869965977492438, 0.0, -0.16203549513814552, 0.21285842254296639, -0.1492574069424717, 0.0, -0.20623060795643378, 0.1611137841501885, 0.0, 0.0, 0.0, 1.0, 0.0, 0.0, 0.0], [-0.1724051009914369, 0.35799380027183303, 0.0, -0.12018493676531938, -0.105546487269077, 0.2968029690009035, 0.0, 0.0, 0.0, -0.12326334322555876, 0.11480435123955546, 0.0, 0.0, 0.128163382274183, -0.37663976905617136, 0.0, -0.1607148155480187, 0.16167505870861076, -0.1271894478461768, 0.0, 0.0, 0.0, 0.0, 0.15277686153603276, 0.0, 0.0, 1.0, 0.0, 0.0], [0.0, 0.12931410691297396, 0.0, 0.0, 0.1122034787870072, 0.13961511844928476, 0.0, 0.15040311901497472, -0.2737668588858586, 0.0, 0.2573692514130358, 0.0, 0.18851276587992805, 0.0, 0.0, 0.0, 0.0, 0.19514611278314264, 0.345626070521607, 0.2933824164395983, -0.16759987195670445, 0.0, 0.4960044945893993, 0.11217270644748556, -0.2200104025748051, 0.0, 0.0, 1.0, 0.0], [0.2553881453852531, 0.0, 0.0, 0.5124999309544348, 0.2528881847440754, -0.15747915451982264, 0.0, 0.2429931929220196, 0.0, 0.38969136827107786, 0.0, 0.0, -0.11523228932231389, 0.0, 0.2731167735677864, 0.0, 0.6291679148905204, 0.0, 0.0, -0.1105898471111717, -0.12845748442882554, 0.6650434552583075, 0.0, 0.0, 0.2682642578236454, 0.0, 0.0, 0.0, 1.0]], "links": [], "views": [{"N_row_sum": "all", "dist": "cos", "nodes": {"row_nodes": [{"group": [15.0, 15.0, 13.0, 10.0, 6.0, 4.0, 2.0, 1.0, 1.0, 1.0, 1.0], "name": "Cell Line: H1650", "clust": 12, "cat_1_index": 10, "cat_0_index": 24, "rank": 12, "cat-1": "Gender: Male", "ini": 29, "cat-0": "Category: two", "rankvar": 6}, {"group": [6.0, 6.0, 5.0, 5.0, 3.0, 2.0, 1.0, 1.0, 1.0, 1.0, 1.0], "name": "Cell Line: H23", "clust": 7, "cat_1_index": 11, "cat_0_index": 25, "rank": 18, "cat-1": "Gender: Male", "ini": 28, "cat-0": "Category: two", "rankvar": 13}, {"group": [11.0, 11.0, 10.0, 7.0, 4.0, 3.0, 1.0, 1.0, 1.0, 1.0, 1.0], "name": "Cell Line: CAL-12T", "clust": 9, "cat_1_index": 12, "cat_0_index": 26, "rank": 3, "cat-1": "Gender: Male", "ini": 27, "cat-0": "Category: two", "rankvar": 2}, {"group": [26.0, 25.0, 20.0, 15.0, 9.0, 6.0, 3.0, 1.0, 1.0, 1.0, 1.0], "name": "Cell Line: H358", "clust": 25, "cat_1_index": 13, "cat_0_index": 13, "rank": 21, "cat-1": "Gender: Male", "ini": 26, "cat-0": "Category: one", "rankvar": 23}, {"group": [28.0, 27.0, 22.0, 16.0, 9.0, 6.0, 3.0, 1.0, 1.0, 1.0, 1.0], "name": "Cell Line: H1975", "clust": 21, "cat_1_index": 0, "cat_0_index": 27, "rank": 25, "cat-1": "Gender: Female", "ini": 25, "cat-0": "Category: two", "rankvar": 0}, {"group": [8.0, 8.0, 7.0, 5.0, 3.0, 2.0, 1.0, 1.0, 1.0, 1.0, 1.0], "name": "Cell Line: HCC15", "clust": 6, "cat_1_index": 14, "cat_0_index": 28, "rank": 8, "cat-1": "Gender: Male", "ini": 24, "cat-0": "Category: two", "rankvar": 11}, {"group": [9.0, 9.0, 8.0, 6.0, 4.0, 3.0, 1.0, 1.0, 1.0, 1.0, 1.0], "name": "Cell Line: H1355", "clust": 10, "cat_1_index": 15, "cat_0_index": 19, "rank": 16, "cat-1": "Gender: Male", "ini": 23, "cat-0": "Category: three", "rankvar": 21}, {"group": [21.0, 21.0, 18.0, 14.0, 9.0, 6.0, 3.0, 1.0, 1.0, 1.0, 1.0], "name": "Cell Line: HCC827", "clust": 22, "cat_1_index": 1, "cat_0_index": 14, "rank": 27, "cat-1": "Gender: Female", "ini": 22, "cat-0": "Category: one", "rankvar": 10}, {"group": [19.0, 19.0, 16.0, 12.0, 8.0, 6.0, 3.0, 1.0, 1.0, 1.0, 1.0], "name": "Cell Line: H2405", "clust": 19, "cat_1_index": 16, "cat_0_index": 0, "rank": 1, "cat-1": "Gender: Male", "ini": 21, "cat-0": "Category: five", "rankvar": 4}, {"group": [27.0, 26.0, 21.0, 15.0, 9.0, 6.0, 3.0, 1.0, 1.0, 1.0, 1.0], "name": "Cell Line: HCC78", "clust": 24, "cat_1_index": 17, "cat_0_index": 1, "rank": 15, "cat-1": "Gender: Male", "ini": 20, "cat-0": "Category: five", "rankvar": 9}, {"group": [5.0, 5.0, 4.0, 4.0, 2.0, 1.0, 1.0, 1.0, 1.0, 1.0, 1.0], "name": "Cell Line: H1666", "clust": 1, "cat_1_index": 2, "cat_0_index": 6, "rank": 7, "cat-1": "Gender: Female", "ini": 19, "cat-0": "Category: four", "rankvar": 1}, {"group": [18.0, 18.0, 15.0, 11.0, 7.0, 5.0, 3.0, 1.0, 1.0, 1.0, 1.0], "name": "Cell Line: H661", "clust": 16, "cat_1_index": 18, "cat_0_index": 2, "rank": 5, "cat-1": "Gender: Male", "ini": 18, "cat-0": "Category: five", "rankvar": 12}, {"group": [16.0, 16.0, 14.0, 11.0, 7.0, 5.0, 3.0, 1.0, 1.0, 1.0, 1.0], "name": "Cell Line: H838", "clust": 17, "cat_1_index": 19, "cat_0_index": 3, "rank": 20, "cat-1": "Gender: Male", "ini": 17, "cat-0": "Category: five", "rankvar": 16}, {"group": [12.0, 12.0, 11.0, 8.0, 5.0, 4.0, 2.0, 1.0, 1.0, 1.0, 1.0], "name": "Cell Line: H1703", "clust": 14, "cat_1_index": 20, "cat_0_index": 4, "rank": 2, "cat-1": "Gender: Male", "ini": 16, "cat-0": "Category: five", "rankvar": 26}, {"group": [20.0, 20.0, 17.0, 13.0, 8.0, 6.0, 3.0, 1.0, 1.0, 1.0, 1.0], "name": "Cell Line: CALU-3", "clust": 20, "cat_1_index": 21, "cat_0_index": 7, "rank": 11, "cat-1": "Gender: Male", "ini": 15, "cat-0": "Category: four", "rankvar": 18}, {"group": [17.0, 17.0, 14.0, 11.0, 7.0, 5.0, 3.0, 1.0, 1.0, 1.0, 1.0], "name": "Cell Line: H2342", "clust": 18, "cat_1_index": 3, "cat_0_index": 8, "rank": 23, "cat-1": "Gender: Female", "ini": 14, "cat-0": "Category: four", "rankvar": 3}, {"group": [25.0, 24.0, 19.0, 15.0, 9.0, 6.0, 3.0, 1.0, 1.0, 1.0, 1.0], "name": "Cell Line: H2228", "clust": 26, "cat_1_index": 4, "cat_0_index": 15, "rank": 24, "cat-1": "Gender: Female", "ini": 13, "cat-0": "Category: one", "rankvar": 28}, {"group": [13.0, 13.0, 11.0, 8.0, 5.0, 4.0, 2.0, 1.0, 1.0, 1.0, 1.0], "name": "Cell Line: H1299", "clust": 15, "cat_1_index": 22, "cat_0_index": 20, "rank": 14, "cat-1": "Gender: Male", "ini": 12, "cat-0": "Category: three", "rankvar": 24}, {"group": [3.0, 3.0, 2.0, 2.0, 1.0, 1.0, 1.0, 1.0, 1.0, 1.0, 1.0], "name": "Cell Line: H1792", "clust": 4, "cat_1_index": 23, "cat_0_index": 21, "rank": 13, "cat-1": "Gender: Male", "ini": 11, "cat-0": "Category: three", "rankvar": 15}, {"group": [4.0, 4.0, 3.0, 3.0, 1.0, 1.0, 1.0, 1.0, 1.0, 1.0, 1.0], "name": "Cell Line: H460", "clust": 5, "cat_1_index": 24, "cat_0_index": 22, "rank": 4, "cat-1": "Gender: Male", "ini": 10, "cat-0": "Category: three", "rankvar": 8}, {"group": [29.0, 28.0, 23.0, 17.0, 10.0, 7.0, 4.0, 2.0, 1.0, 1.0, 1.0], "name": "Cell Line: H2106", "clust": 0, "cat_1_index": 25, "cat_0_index": 9, "rank": 0, "cat-1": "Gender: Male", "ini": 9, "cat-0": "Category: four", "rankvar": 5}, {"group": [23.0, 23.0, 19.0, 15.0, 9.0, 6.0, 3.0, 1.0, 1.0, 1.0, 1.0], "name": "Cell Line: H441", "clust": 27, "cat_1_index": 26, "cat_0_index": 16, "rank": 26, "cat-1": "Gender: Male", "ini": 8, "cat-0": "Category: one", "rankvar": 22}, {"group": [1.0, 1.0, 1.0, 1.0, 1.0, 1.0, 1.0, 1.0, 1.0, 1.0, 1.0], "name": "Cell Line: H1944", "clust": 2, "cat_1_index": 5, "cat_0_index": 23, "rank": 17, "cat-1": "Gender: Female", "ini": 7, "cat-0": "Category: three", "rankvar": 7}, {"group": [10.0, 10.0, 9.0, 6.0, 4.0, 3.0, 1.0, 1.0, 1.0, 1.0, 1.0], "name": "Cell Line: H1437", "clust": 11, "cat_1_index": 27, "cat_0_index": 10, "rank": 9, "cat-1": "Gender: Male", "ini": 6, "cat-0": "Category: four", "rankvar": 20}, {"group": [22.0, 22.0, 18.0, 14.0, 9.0, 6.0, 3.0, 1.0, 1.0, 1.0, 1.0], "name": "Cell Line: H1734", "clust": 23, "cat_1_index": 6, "cat_0_index": 17, "rank": 19, "cat-1": "Gender: Female", "ini": 5, "cat-0": "Category: one", "rankvar": 25}, {"group": [14.0, 14.0, 12.0, 9.0, 5.0, 4.0, 2.0, 1.0, 1.0, 1.0, 1.0], "name": "Cell Line: LOU-NH91", "clust": 13, "cat_1_index": 7, "cat_0_index": 5, "rank": 10, "cat-1": "Gender: Female", "ini": 4, "cat-0": "Category: five", "rankvar": 17}, {"group": [7.0, 7.0, 6.0, 5.0, 3.0, 2.0, 1.0, 1.0, 1.0, 1.0, 1.0], "name": "Cell Line: HCC44", "clust": 8, "cat_1_index": 8, "cat_0_index": 11, "rank": 6, "cat-1": "Gender: Female", "ini": 3, "cat-0": "Category: four", "rankvar": 14}, {"group": [2.0, 2.0, 1.0, 1.0, 1.0, 1.0, 1.0, 1.0, 1.0, 1.0, 1.0], "name": "Cell Line: A549", "clust": 3, "cat_1_index": 28, "cat_0_index": 12, "rank": 22, "cat-1": "Gender: Male", "ini": 2, "cat-0": "Category: four", "rankvar": 19}, {"group": [24.0, 23.0, 19.0, 15.0, 9.0, 6.0, 3.0, 1.0, 1.0, 1.0, 1.0], "name": "Cell Line: H1781", "clust": 28, "cat_1_index": 9, "cat_0_index": 18, "rank": 28, "cat-1": "Gender: Female", "ini": 1, "cat-0": "Category: one", "rankvar": 27}], "col_nodes": [{"group": [15.0, 15.0, 13.0, 10.0, 6.0, 4.0, 2.0, 1.0, 1.0, 1.0, 1.0], "name": "Cell Line: H1650", "clust": 12, "cat_1_index": 10, "cat_0_index": 24, "rank": 12, "cat-1": "Gender: Male", "ini": 29, "cat-0": "Category: two", "rankvar": 6}, {"group": [6.0, 6.0, 5.0, 5.0, 3.0, 2.0, 1.0, 1.0, 1.0, 1.0, 1.0], "name": "Cell Line: H23", "clust": 7, "cat_1_index": 11, "cat_0_index": 25, "rank": 18, "cat-1": "Gender: Male", "ini": 28, "cat-0": "Category: two", "rankvar": 13}, {"group": [11.0, 11.0, 10.0, 7.0, 4.0, 3.0, 1.0, 1.0, 1.0, 1.0, 1.0], "name": "Cell Line: CAL-12T", "clust": 9, "cat_1_index": 12, "cat_0_index": 26, "rank": 3, "cat-1": "Gender: Male", "ini": 27, "cat-0": "Category: two", "rankvar": 2}, {"group": [26.0, 25.0, 20.0, 15.0, 9.0, 6.0, 3.0, 1.0, 1.0, 1.0, 1.0], "name": "Cell Line: H358", "clust": 25, "cat_1_index": 13, "cat_0_index": 13, "rank": 21, "cat-1": "Gender: Male", "ini": 26, "cat-0": "Category: one", "rankvar": 23}, {"group": [28.0, 27.0, 22.0, 16.0, 9.0, 6.0, 3.0, 1.0, 1.0, 1.0, 1.0], "name": "Cell Line: H1975", "clust": 21, "cat_1_index": 0, "cat_0_index": 27, "rank": 25, "cat-1": "Gender: Female", "ini": 25, "cat-0": "Category: two", "rankvar": 0}, {"group": [8.0, 8.0, 7.0, 5.0, 3.0, 2.0, 1.0, 1.0, 1.0, 1.0, 1.0], "name": "Cell Line: HCC15", "clust": 6, "cat_1_index": 14, "cat_0_index": 28, "rank": 8, "cat-1": "Gender: Male", "ini": 24, "cat-0": "Category: two", "rankvar": 11}, {"group": [9.0, 9.0, 8.0, 6.0, 4.0, 3.0, 1.0, 1.0, 1.0, 1.0, 1.0], "name": "Cell Line: H1355", "clust": 10, "cat_1_index": 15, "cat_0_index": 19, "rank": 16, "cat-1": "Gender: Male", "ini": 23, "cat-0": "Category: three", "rankvar": 21}, {"group": [21.0, 21.0, 18.0, 14.0, 9.0, 6.0, 3.0, 1.0, 1.0, 1.0, 1.0], "name": "Cell Line: HCC827", "clust": 22, "cat_1_index": 1, "cat_0_index": 14, "rank": 27, "cat-1": "Gender: Female", "ini": 22, "cat-0": "Category: one", "rankvar": 10}, {"group": [19.0, 19.0, 16.0, 12.0, 8.0, 6.0, 3.0, 1.0, 1.0, 1.0, 1.0], "name": "Cell Line: H2405", "clust": 19, "cat_1_index": 16, "cat_0_index": 0, "rank": 1, "cat-1": "Gender: Male", "ini": 21, "cat-0": "Category: five", "rankvar": 4}, {"group": [27.0, 26.0, 21.0, 15.0, 9.0, 6.0, 3.0, 1.0, 1.0, 1.0, 1.0], "name": "Cell Line: HCC78", "clust": 24, "cat_1_index": 17, "cat_0_index": 1, "rank": 15, "cat-1": "Gender: Male", "ini": 20, "cat-0": "Category: five", "rankvar": 9}, {"group": [5.0, 5.0, 4.0, 4.0, 2.0, 1.0, 1.0, 1.0, 1.0, 1.0, 1.0], "name": "Cell Line: H1666", "clust": 1, "cat_1_index": 2, "cat_0_index": 6, "rank": 7, "cat-1": "Gender: Female", "ini": 19, "cat-0": "Category: four", "rankvar": 1}, {"group": [18.0, 18.0, 15.0, 11.0, 7.0, 5.0, 3.0, 1.0, 1.0, 1.0, 1.0], "name": "Cell Line: H661", "clust": 16, "cat_1_index": 18, "cat_0_index": 2, "rank": 5, "cat-1": "Gender: Male", "ini": 18, "cat-0": "Category: five", "rankvar": 12}, {"group": [16.0, 16.0, 14.0, 11.0, 7.0, 5.0, 3.0, 1.0, 1.0, 1.0, 1.0], "name": "Cell Line: H838", "clust": 17, "cat_1_index": 19, "cat_0_index": 3, "rank": 20, "cat-1": "Gender: Male", "ini": 17, "cat-0": "Category: five", "rankvar": 16}, {"group": [12.0, 12.0, 11.0, 8.0, 5.0, 4.0, 2.0, 1.0, 1.0, 1.0, 1.0], "name": "Cell Line: H1703", "clust": 14, "cat_1_index": 20, "cat_0_index": 4, "rank": 2, "cat-1": "Gender: Male", "ini": 16, "cat-0": "Category: five", "rankvar": 26}, {"group": [20.0, 20.0, 17.0, 13.0, 8.0, 6.0, 3.0, 1.0, 1.0, 1.0, 1.0], "name": "Cell Line: CALU-3", "clust": 20, "cat_1_index": 21, "cat_0_index": 7, "rank": 11, "cat-1": "Gender: Male", "ini": 15, "cat-0": "Category: four", "rankvar": 18}, {"group": [17.0, 17.0, 14.0, 11.0, 7.0, 5.0, 3.0, 1.0, 1.0, 1.0, 1.0], "name": "Cell Line: H2342", "clust": 18, "cat_1_index": 3, "cat_0_index": 8, "rank": 23, "cat-1": "Gender: Female", "ini": 14, "cat-0": "Category: four", "rankvar": 3}, {"group": [25.0, 24.0, 19.0, 15.0, 9.0, 6.0, 3.0, 1.0, 1.0, 1.0, 1.0], "name": "Cell Line: H2228", "clust": 26, "cat_1_index": 4, "cat_0_index": 15, "rank": 24, "cat-1": "Gender: Female", "ini": 13, "cat-0": "Category: one", "rankvar": 28}, {"group": [13.0, 13.0, 11.0, 8.0, 5.0, 4.0, 2.0, 1.0, 1.0, 1.0, 1.0], "name": "Cell Line: H1299", "clust": 15, "cat_1_index": 22, "cat_0_index": 20, "rank": 14, "cat-1": "Gender: Male", "ini": 12, "cat-0": "Category: three", "rankvar": 24}, {"group": [3.0, 3.0, 2.0, 2.0, 1.0, 1.0, 1.0, 1.0, 1.0, 1.0, 1.0], "name": "Cell Line: H1792", "clust": 4, "cat_1_index": 23, "cat_0_index": 21, "rank": 13, "cat-1": "Gender: Male", "ini": 11, "cat-0": "Category: three", "rankvar": 15}, {"group": [4.0, 4.0, 3.0, 3.0, 1.0, 1.0, 1.0, 1.0, 1.0, 1.0, 1.0], "name": "Cell Line: H460", "clust": 5, "cat_1_index": 24, "cat_0_index": 22, "rank": 4, "cat-1": "Gender: Male", "ini": 10, "cat-0": "Category: three", "rankvar": 8}, {"group": [29.0, 28.0, 23.0, 17.0, 10.0, 7.0, 4.0, 2.0, 1.0, 1.0, 1.0], "name": "Cell Line: H2106", "clust": 0, "cat_1_index": 25, "cat_0_index": 9, "rank": 0, "cat-1": "Gender: Male", "ini": 9, "cat-0": "Category: four", "rankvar": 5}, {"group": [23.0, 23.0, 19.0, 15.0, 9.0, 6.0, 3.0, 1.0, 1.0, 1.0, 1.0], "name": "Cell Line: H441", "clust": 27, "cat_1_index": 26, "cat_0_index": 16, "rank": 26, "cat-1": "Gender: Male", "ini": 8, "cat-0": "Category: one", "rankvar": 22}, {"group": [1.0, 1.0, 1.0, 1.0, 1.0, 1.0, 1.0, 1.0, 1.0, 1.0, 1.0], "name": "Cell Line: H1944", "clust": 2, "cat_1_index": 5, "cat_0_index": 23, "rank": 17, "cat-1": "Gender: Female", "ini": 7, "cat-0": "Category: three", "rankvar": 7}, {"group": [10.0, 10.0, 9.0, 6.0, 4.0, 3.0, 1.0, 1.0, 1.0, 1.0, 1.0], "name": "Cell Line: H1437", "clust": 11, "cat_1_index": 27, "cat_0_index": 10, "rank": 9, "cat-1": "Gender: Male", "ini": 6, "cat-0": "Category: four", "rankvar": 20}, {"group": [22.0, 22.0, 18.0, 14.0, 9.0, 6.0, 3.0, 1.0, 1.0, 1.0, 1.0], "name": "Cell Line: H1734", "clust": 23, "cat_1_index": 6, "cat_0_index": 17, "rank": 19, "cat-1": "Gender: Female", "ini": 5, "cat-0": "Category: one", "rankvar": 25}, {"group": [14.0, 14.0, 12.0, 9.0, 5.0, 4.0, 2.0, 1.0, 1.0, 1.0, 1.0], "name": "Cell Line: LOU-NH91", "clust": 13, "cat_1_index": 7, "cat_0_index": 5, "rank": 10, "cat-1": "Gender: Female", "ini": 4, "cat-0": "Category: five", "rankvar": 17}, {"group": [7.0, 7.0, 6.0, 5.0, 3.0, 2.0, 1.0, 1.0, 1.0, 1.0, 1.0], "name": "Cell Line: HCC44", "clust": 8, "cat_1_index": 8, "cat_0_index": 11, "rank": 6, "cat-1": "Gender: Female", "ini": 3, "cat-0": "Category: four", "rankvar": 14}, {"group": [2.0, 2.0, 1.0, 1.0, 1.0, 1.0, 1.0, 1.0, 1.0, 1.0, 1.0], "name": "Cell Line: A549", "clust": 3, "cat_1_index": 28, "cat_0_index": 12, "rank": 22, "cat-1": "Gender: Male", "ini": 2, "cat-0": "Category: four", "rankvar": 19}, {"group": [24.0, 23.0, 19.0, 15.0, 9.0, 6.0, 3.0, 1.0, 1.0, 1.0, 1.0], "name": "Cell Line: H1781", "clust": 28, "cat_1_index": 9, "cat_0_index": 18, "rank": 28, "cat-1": "Gender: Female", "ini": 1, "cat-0": "Category: one", "rankvar": 27}]}}, {"N_row_sum": 20, "dist": "cos", "nodes": {"row_nodes": [{"group": [13.0, 13.0, 10.0, 8.0, 7.0, 5.0, 3.0, 1.0, 1.0, 1.0, 1.0], "name": "Cell Line: H1781", "clust": 16, "cat_1_index": 0, "cat_0_index": 7, "rank": 19, "cat-1": "Gender: Female", "ini": 20, "cat-0": "Category: one", "rankvar": 18}, {"group": [11.0, 11.0, 9.0, 7.0, 7.0, 5.0, 3.0, 1.0, 1.0, 1.0, 1.0], "name": "Cell Line: HCC827", "clust": 11, "cat_1_index": 1, "cat_0_index": 8, "rank": 18, "cat-1": "Gender: Female", "ini": 19, "cat-0": "Category: one", "rankvar": 5}, {"group": [14.0, 13.0, 10.0, 8.0, 7.0, 5.0, 3.0, 1.0, 1.0, 1.0, 1.0], "name": "Cell Line: H441", "clust": 17, "cat_1_index": 8, "cat_0_index": 9, "rank": 17, "cat-1": "Gender: Male", "ini": 18, "cat-0": "Category: one", "rankvar": 14}, {"group": [18.0, 17.0, 13.0, 10.0, 8.0, 5.0, 3.0, 1.0, 1.0, 1.0, 1.0], "name": "Cell Line: H1975", "clust": 18, "cat_1_index": 2, "cat_0_index": 17, "rank": 16, "cat-1": "Gender: Female", "ini": 17, "cat-0": "Category: two", "rankvar": 0}, {"group": [15.0, 14.0, 10.0, 8.0, 7.0, 5.0, 3.0, 1.0, 1.0, 1.0, 1.0], "name": "Cell Line: H2228", "clust": 15, "cat_1_index": 3, "cat_0_index": 10, "rank": 15, "cat-1": "Gender: Female", "ini": 16, "cat-0": "Category: one", "rankvar": 19}, {"group": [1.0, 1.0, 1.0, 1.0, 1.0, 1.0, 1.0, 1.0, 1.0, 1.0, 1.0], "name": "Cell Line: H2342", "clust": 0, "cat_1_index": 4, "cat_0_index": 3, "rank": 14, "cat-1": "Gender: Female", "ini": 15, "cat-0": "Category: four", "rankvar": 1}, {"group": [5.0, 5.0, 4.0, 3.0, 3.0, 3.0, 1.0, 1.0, 1.0, 1.0, 1.0], "name": "Cell Line: A549", "clust": 4, "cat_1_index": 9, "cat_0_index": 4, "rank": 13, "cat-1": "Gender: Male", "ini": 14, "cat-0": "Category: four", "rankvar": 11}, {"group": [16.0, 15.0, 11.0, 8.0, 7.0, 5.0, 3.0, 1.0, 1.0, 1.0, 1.0], "name": "Cell Line: H358", "clust": 14, "cat_1_index": 10, "cat_0_index": 11, "rank": 12, "cat-1": "Gender: Male", "ini": 13, "cat-0": "Category: one", "rankvar": 15}, {"group": [2.0, 2.0, 1.0, 1.0, 1.0, 1.0, 1.0, 1.0, 1.0, 1.0, 1.0], "name": "Cell Line: H838", "clust": 1, "cat_1_index": 11, "cat_0_index": 0, "rank": 11, "cat-1": "Gender: Male", "ini": 12, "cat-0": "Category: five", "rankvar": 8}, {"group": [12.0, 12.0, 9.0, 7.0, 7.0, 5.0, 3.0, 1.0, 1.0, 1.0, 1.0], "name": "Cell Line: H1734", "clust": 12, "cat_1_index": 5, "cat_0_index": 12, "rank": 10, "cat-1": "Gender: Female", "ini": 11, "cat-0": "Category: one", "rankvar": 17}, {"group": [7.0, 7.0, 5.0, 4.0, 4.0, 3.0, 1.0, 1.0, 1.0, 1.0, 1.0], "name": "Cell Line: H23", "clust": 6, "cat_1_index": 12, "cat_0_index": 18, "rank": 9, "cat-1": "Gender: Male", "ini": 10, "cat-0": "Category: two", "rankvar": 6}, {"group": [6.0, 6.0, 4.0, 3.0, 3.0, 3.0, 1.0, 1.0, 1.0, 1.0, 1.0], "name": "Cell Line: H1944", "clust": 5, "cat_1_index": 6, "cat_0_index": 13, "rank": 8, "cat-1": "Gender: Female", "ini": 9, "cat-0": "Category: three", "rankvar": 3}, {"group": [3.0, 3.0, 2.0, 2.0, 2.0, 2.0, 1.0, 1.0, 1.0, 1.0, 1.0], "name": "Cell Line: H1355", "clust": 2, "cat_1_index": 13, "cat_0_index": 14, "rank": 7, "cat-1": "Gender: Male", "ini": 8, "cat-0": "Category: three", "rankvar": 13}, {"group": [17.0, 16.0, 12.0, 9.0, 7.0, 5.0, 3.0, 1.0, 1.0, 1.0, 1.0], "name": "Cell Line: HCC78", "clust": 13, "cat_1_index": 14, "cat_0_index": 1, "rank": 6, "cat-1": "Gender: Male", "ini": 7, "cat-0": "Category: five", "rankvar": 4}, {"group": [8.0, 8.0, 6.0, 4.0, 4.0, 3.0, 1.0, 1.0, 1.0, 1.0, 1.0], "name": "Cell Line: H1299", "clust": 7, "cat_1_index": 15, "cat_0_index": 15, "rank": 5, "cat-1": "Gender: Male", "ini": 6, "cat-0": "Category: three", "rankvar": 16}, {"group": [19.0, 18.0, 14.0, 11.0, 8.0, 5.0, 3.0, 1.0, 1.0, 1.0, 1.0], "name": "Cell Line: H1792", "clust": 19, "cat_1_index": 16, "cat_0_index": 16, "rank": 4, "cat-1": "Gender: Male", "ini": 5, "cat-0": "Category: three", "rankvar": 7}, {"group": [9.0, 9.0, 7.0, 5.0, 5.0, 4.0, 2.0, 1.0, 1.0, 1.0, 1.0], "name": "Cell Line: H1650", "clust": 8, "cat_1_index": 17, "cat_0_index": 19, "rank": 3, "cat-1": "Gender: Male", "ini": 4, "cat-0": "Category: two", "rankvar": 2}, {"group": [20.0, 19.0, 15.0, 12.0, 9.0, 5.0, 3.0, 1.0, 1.0, 1.0, 1.0], "name": "Cell Line: CALU-3", "clust": 10, "cat_1_index": 18, "cat_0_index": 5, "rank": 2, "cat-1": "Gender: Male", "ini": 3, "cat-0": "Category: four", "rankvar": 10}, {"group": [10.0, 10.0, 8.0, 6.0, 6.0, 4.0, 2.0, 1.0, 1.0, 1.0, 1.0], "name": "Cell Line: LOU-NH91", "clust": 9, "cat_1_index": 7, "cat_0_index": 2, "rank": 1, "cat-1": "Gender: Female", "ini": 2, "cat-0": "Category: five", "rankvar": 9}, {"group": [4.0, 4.0, 3.0, 2.0, 2.0, 2.0, 1.0, 1.0, 1.0, 1.0, 1.0], "name": "Cell Line: H1437", "clust": 3, "cat_1_index": 19, "cat_0_index": 6, "rank": 0, "cat-1": "Gender: Male", "ini": 1, "cat-0": "Category: four", "rankvar": 12}], "col_nodes": [{"group": [17.0, 16.0, 10.0, 6.0, 4.0, 3.0, 1.0, 1.0, 1.0, 1.0, 1.0], "name": "Cell Line: H1650", "clust": 14, "cat_1_index": 10, "cat_0_index": 24, "rank": 14, "cat-1": "Gender: Male", "ini": 29, "cat-0": "Category: two", "rankvar": 10}, {"group": [26.0, 25.0, 18.0, 10.0, 8.0, 5.0, 1.0, 1.0, 1.0, 1.0, 1.0], "name": "Cell Line: H23", "clust": 27, "cat_1_index": 11, "cat_0_index": 25, "rank": 12, "cat-1": "Gender: Male", "ini": 28, "cat-0": "Category: two", "rankvar": 22}, {"group": [25.0, 24.0, 17.0, 9.0, 7.0, 5.0, 1.0, 1.0, 1.0, 1.0, 1.0], "name": "Cell Line: CAL-12T", "clust": 23, "cat_1_index": 12, "cat_0_index": 26, "rank": 7, "cat-1": "Gender: Male", "ini": 27, "cat-0": "Category: two", "rankvar": 1}, {"group": [12.0, 11.0, 6.0, 3.0, 3.0, 2.0, 1.0, 1.0, 1.0, 1.0, 1.0], "name": "Cell Line: H358", "clust": 10, "cat_1_index": 13, "cat_0_index": 13, "rank": 24, "cat-1": "Gender: Male", "ini": 26, "cat-0": "Category: one", "rankvar": 21}, {"group": [13.0, 12.0, 7.0, 4.0, 3.0, 2.0, 1.0, 1.0, 1.0, 1.0, 1.0], "name": "Cell Line: H1975", "clust": 7, "cat_1_index": 0, "cat_0_index": 27, "rank": 25, "cat-1": "Gender: Female", "ini": 25, "cat-0": "Category: two", "rankvar": 9}, {"group": [28.0, 27.0, 19.0, 10.0, 8.0, 5.0, 1.0, 1.0, 1.0, 1.0, 1.0], "name": "Cell Line: HCC15", "clust": 26, "cat_1_index": 14, "cat_0_index": 28, "rank": 3, "cat-1": "Gender: Male", "ini": 24, "cat-0": "Category: two", "rankvar": 6}, {"group": [23.0, 22.0, 15.0, 9.0, 7.0, 5.0, 1.0, 1.0, 1.0, 1.0, 1.0], "name": "Cell Line: H1355", "clust": 24, "cat_1_index": 15, "cat_0_index": 19, "rank": 21, "cat-1": "Gender: Male", "ini": 23, "cat-0": "Category: three", "rankvar": 20}, {"group": [7.0, 7.0, 5.0, 3.0, 3.0, 2.0, 1.0, 1.0, 1.0, 1.0, 1.0], "name": "Cell Line: HCC827", "clust": 8, "cat_1_index": 1, "cat_0_index": 14, "rank": 27, "cat-1": "Gender: Female", "ini": 22, "cat-0": "Category: one", "rankvar": 13}, {"group": [4.0, 4.0, 2.0, 2.0, 2.0, 2.0, 1.0, 1.0, 1.0, 1.0, 1.0], "name": "Cell Line: H2405", "clust": 5, "cat_1_index": 16, "cat_0_index": 0, "rank": 2, "cat-1": "Gender: Male", "ini": 21, "cat-0": "Category: five", "rankvar": 4}, {"group": [5.0, 5.0, 3.0, 2.0, 2.0, 2.0, 1.0, 1.0, 1.0, 1.0, 1.0], "name": "Cell Line: HCC78", "clust": 6, "cat_1_index": 17, "cat_0_index": 1, "rank": 16, "cat-1": "Gender: Male", "ini": 20, "cat-0": "Category: five", "rankvar": 12}, {"group": [22.0, 21.0, 14.0, 8.0, 6.0, 4.0, 1.0, 1.0, 1.0, 1.0, 1.0], "name": "Cell Line: H1666", "clust": 18, "cat_1_index": 2, "cat_0_index": 6, "rank": 4, "cat-1": "Gender: Female", "ini": 19, "cat-0": "Category: four", "rankvar": 2}, {"group": [1.0, 1.0, 1.0, 1.0, 1.0, 1.0, 1.0, 1.0, 1.0, 1.0, 1.0], "name": "Cell Line: H661", "clust": 2, "cat_1_index": 18, "cat_0_index": 2, "rank": 5, "cat-1": "Gender: Male", "ini": 18, "cat-0": "Category: five", "rankvar": 7}, {"group": [2.0, 2.0, 1.0, 1.0, 1.0, 1.0, 1.0, 1.0, 1.0, 1.0, 1.0], "name": "Cell Line: H838", "clust": 3, "cat_1_index": 19, "cat_0_index": 3, "rank": 15, "cat-1": "Gender: Male", "ini": 17, "cat-0": "Category: five", "rankvar": 18}, {"group": [14.0, 13.0, 8.0, 5.0, 4.0, 3.0, 1.0, 1.0, 1.0, 1.0, 1.0], "name": "Cell Line: H1703", "clust": 16, "cat_1_index": 20, "cat_0_index": 4, "rank": 6, "cat-1": "Gender: Male", "ini": 16, "cat-0": "Category: five", "rankvar": 8}, {"group": [6.0, 6.0, 4.0, 2.0, 2.0, 2.0, 1.0, 1.0, 1.0, 1.0, 1.0], "name": "Cell Line: CALU-3", "clust": 4, "cat_1_index": 21, "cat_0_index": 7, "rank": 13, "cat-1": "Gender: Male", "ini": 15, "cat-0": "Category: four", "rankvar": 11}, {"group": [3.0, 3.0, 1.0, 1.0, 1.0, 1.0, 1.0, 1.0, 1.0, 1.0, 1.0], "name": "Cell Line: H2342", "clust": 1, "cat_1_index": 3, "cat_0_index": 8, "rank": 20, "cat-1": "Gender: Female", "ini": 14, "cat-0": "Category: four", "rankvar": 16}, {"group": [11.0, 10.0, 6.0, 3.0, 3.0, 2.0, 1.0, 1.0, 1.0, 1.0, 1.0], "name": "Cell Line: H2228", "clust": 11, "cat_1_index": 4, "cat_0_index": 15, "rank": 23, "cat-1": "Gender: Female", "ini": 13, "cat-0": "Category: one", "rankvar": 28}, {"group": [15.0, 14.0, 8.0, 5.0, 4.0, 3.0, 1.0, 1.0, 1.0, 1.0, 1.0], "name": "Cell Line: H1299", "clust": 17, "cat_1_index": 22, "cat_0_index": 20, "rank": 11, "cat-1": "Gender: Male", "ini": 12, "cat-0": "Category: three", "rankvar": 25}, {"group": [20.0, 19.0, 12.0, 7.0, 5.0, 4.0, 1.0, 1.0, 1.0, 1.0, 1.0], "name": "Cell Line: H1792", "clust": 21, "cat_1_index": 23, "cat_0_index": 21, "rank": 18, "cat-1": "Gender: Male", "ini": 11, "cat-0": "Category: three", "rankvar": 14}, {"group": [21.0, 20.0, 13.0, 7.0, 5.0, 4.0, 1.0, 1.0, 1.0, 1.0, 1.0], "name": "Cell Line: H460", "clust": 22, "cat_1_index": 24, "cat_0_index": 22, "rank": 8, "cat-1": "Gender: Male", "ini": 10, "cat-0": "Category: three", "rankvar": 3}, {"group": [29.0, 28.0, 20.0, 11.0, 9.0, 6.0, 2.0, 1.0, 1.0, 1.0, 1.0], "name": "Cell Line: H2106", "clust": 0, "cat_1_index": 25, "cat_0_index": 9, "rank": 0, "cat-1": "Gender: Male", "ini": 9, "cat-0": "Category: four", "rankvar": 0}, {"group": [9.0, 9.0, 6.0, 3.0, 3.0, 2.0, 1.0, 1.0, 1.0, 1.0, 1.0], "name": "Cell Line: H441", "clust": 12, "cat_1_index": 26, "cat_0_index": 16, "rank": 26, "cat-1": "Gender: Male", "ini": 8, "cat-0": "Category: one", "rankvar": 24}, {"group": [18.0, 17.0, 11.0, 7.0, 5.0, 4.0, 1.0, 1.0, 1.0, 1.0, 1.0], "name": "Cell Line: H1944", "clust": 19, "cat_1_index": 5, "cat_0_index": 23, "rank": 17, "cat-1": "Gender: Female", "ini": 7, "cat-0": "Category: three", "rankvar": 15}, {"group": [24.0, 23.0, 16.0, 9.0, 7.0, 5.0, 1.0, 1.0, 1.0, 1.0, 1.0], "name": "Cell Line: H1437", "clust": 25, "cat_1_index": 27, "cat_0_index": 10, "rank": 9, "cat-1": "Gender: Male", "ini": 6, "cat-0": "Category: four", "rankvar": 23}, {"group": [8.0, 8.0, 5.0, 3.0, 3.0, 2.0, 1.0, 1.0, 1.0, 1.0, 1.0], "name": "Cell Line: H1734", "clust": 9, "cat_1_index": 6, "cat_0_index": 17, "rank": 22, "cat-1": "Gender: Female", "ini": 5, "cat-0": "Category: one", "rankvar": 27}, {"group": [16.0, 15.0, 9.0, 5.0, 4.0, 3.0, 1.0, 1.0, 1.0, 1.0, 1.0], "name": "Cell Line: LOU-NH91", "clust": 15, "cat_1_index": 7, "cat_0_index": 5, "rank": 10, "cat-1": "Gender: Female", "ini": 4, "cat-0": "Category: five", "rankvar": 19}, {"group": [27.0, 26.0, 18.0, 10.0, 8.0, 5.0, 1.0, 1.0, 1.0, 1.0, 1.0], "name": "Cell Line: HCC44", "clust": 28, "cat_1_index": 8, "cat_0_index": 11, "rank": 1, "cat-1": "Gender: Female", "ini": 3, "cat-0": "Category: four", "rankvar": 5}, {"group": [19.0, 18.0, 11.0, 7.0, 5.0, 4.0, 1.0, 1.0, 1.0, 1.0, 1.0], "name": "Cell Line: A549", "clust": 20, "cat_1_index": 28, "cat_0_index": 12, "rank": 19, "cat-1": "Gender: Male", "ini": 2, "cat-0": "Category: four", "rankvar": 17}, {"group": [10.0, 9.0, 6.0, 3.0, 3.0, 2.0, 1.0, 1.0, 1.0, 1.0, 1.0], "name": "Cell Line: H1781", "clust": 13, "cat_1_index": 9, "cat_0_index": 18, "rank": 28, "cat-1": "Gender: Female", "ini": 1, "cat-0": "Category: one", "rankvar": 26}]}}, {"N_row_sum": 10, "dist": "cos", "nodes": {"row_nodes": [{"group": [3.0, 3.0, 2.0, 2.0, 1.0, 1.0, 1.0, 1.0, 1.0, 1.0, 1.0], "name": "Cell Line: H1781", "clust": 5, "cat_1_index": 0, "cat_0_index": 3, "rank": 9, "cat-1": "Gender: Female", "ini": 10, "cat-0": "Category: one", "rankvar": 8}, {"group": [1.0, 1.0, 1.0, 1.0, 1.0, 1.0, 1.0, 1.0, 1.0, 1.0, 1.0], "name": "Cell Line: HCC827", "clust": 1, "cat_1_index": 1, "cat_0_index": 4, "rank": 8, "cat-1": "Gender: Female", "ini": 9, "cat-0": "Category: one", "rankvar": 2}, {"group": [4.0, 3.0, 2.0, 2.0, 1.0, 1.0, 1.0, 1.0, 1.0, 1.0, 1.0], "name": "Cell Line: H441", "clust": 6, "cat_1_index": 6, "cat_0_index": 5, "rank": 7, "cat-1": "Gender: Male", "ini": 8, "cat-0": "Category: one", "rankvar": 5}, {"group": [7.0, 6.0, 5.0, 3.0, 2.0, 2.0, 1.0, 1.0, 1.0, 1.0, 1.0], "name": "Cell Line: H1975", "clust": 0, "cat_1_index": 2, "cat_0_index": 9, "rank": 6, "cat-1": "Gender: Female", "ini": 7, "cat-0": "Category: two", "rankvar": 0}, {"group": [5.0, 4.0, 3.0, 2.0, 1.0, 1.0, 1.0, 1.0, 1.0, 1.0, 1.0], "name": "Cell Line: H2228", "clust": 4, "cat_1_index": 3, "cat_0_index": 6, "rank": 5, "cat-1": "Gender: Female", "ini": 6, "cat-0": "Category: one", "rankvar": 9}, {"group": [8.0, 7.0, 6.0, 4.0, 3.0, 3.0, 2.0, 2.0, 1.0, 1.0, 1.0], "name": "Cell Line: H2342", "clust": 8, "cat_1_index": 4, "cat_0_index": 1, "rank": 4, "cat-1": "Gender: Female", "ini": 5, "cat-0": "Category: four", "rankvar": 1}, {"group": [10.0, 9.0, 8.0, 5.0, 4.0, 4.0, 3.0, 2.0, 1.0, 1.0, 1.0], "name": "Cell Line: A549", "clust": 7, "cat_1_index": 7, "cat_0_index": 2, "rank": 3, "cat-1": "Gender: Male", "ini": 4, "cat-0": "Category: four", "rankvar": 4}, {"group": [6.0, 5.0, 4.0, 2.0, 1.0, 1.0, 1.0, 1.0, 1.0, 1.0, 1.0], "name": "Cell Line: H358", "clust": 3, "cat_1_index": 8, "cat_0_index": 7, "rank": 2, "cat-1": "Gender: Male", "ini": 3, "cat-0": "Category: one", "rankvar": 6}, {"group": [9.0, 8.0, 7.0, 4.0, 3.0, 3.0, 2.0, 2.0, 1.0, 1.0, 1.0], "name": "Cell Line: H838", "clust": 9, "cat_1_index": 9, "cat_0_index": 0, "rank": 1, "cat-1": "Gender: Male", "ini": 2, "cat-0": "Category: five", "rankvar": 3}, {"group": [2.0, 2.0, 1.0, 1.0, 1.0, 1.0, 1.0, 1.0, 1.0, 1.0, 1.0], "name": "Cell Line: H1734", "clust": 2, "cat_1_index": 5, "cat_0_index": 8, "rank": 0, "cat-1": "Gender: Female", "ini": 1, "cat-0": "Category: one", "rankvar": 7}], "col_nodes": [{"group": [19.0, 17.0, 9.0, 8.0, 5.0, 3.0, 3.0, 1.0, 1.0, 1.0, 1.0], "name": "Cell Line: H1650", "clust": 19, "cat_1_index": 10, "cat_0_index": 24, "rank": 16, "cat-1": "Gender: Male", "ini": 29, "cat-0": "Category: two", "rankvar": 7}, {"group": [18.0, 16.0, 8.0, 7.0, 4.0, 3.0, 3.0, 1.0, 1.0, 1.0, 1.0], "name": "Cell Line: H23", "clust": 14, "cat_1_index": 11, "cat_0_index": 25, "rank": 11, "cat-1": "Gender: Male", "ini": 28, "cat-0": "Category: two", "rankvar": 4}, {"group": [29.0, 23.0, 12.0, 9.0, 5.0, 3.0, 3.0, 1.0, 1.0, 1.0, 1.0], "name": "Cell Line: CAL-12T", "clust": 18, "cat_1_index": 12, "cat_0_index": 26, "rank": 10, "cat-1": "Gender: Male", "ini": 27, "cat-0": "Category: two", "rankvar": 2}, {"group": [20.0, 18.0, 9.0, 8.0, 5.0, 3.0, 3.0, 1.0, 1.0, 1.0, 1.0], "name": "Cell Line: H358", "clust": 20, "cat_1_index": 13, "cat_0_index": 13, "rank": 23, "cat-1": "Gender: Male", "ini": 26, "cat-0": "Category: one", "rankvar": 21}, {"group": [13.0, 12.0, 6.0, 5.0, 4.0, 3.0, 3.0, 1.0, 1.0, 1.0, 1.0], "name": "Cell Line: H1975", "clust": 12, "cat_1_index": 0, "cat_0_index": 27, "rank": 22, "cat-1": "Gender: Female", "ini": 25, "cat-0": "Category: two", "rankvar": 19}, {"group": [4.0, 4.0, 1.0, 1.0, 1.0, 1.0, 1.0, 1.0, 1.0, 1.0, 1.0], "name": "Cell Line: HCC15", "clust": 0, "cat_1_index": 14, "cat_0_index": 28, "rank": 2, "cat-1": "Gender: Male", "ini": 24, "cat-0": "Category: two", "rankvar": 9}, {"group": [14.0, 13.0, 6.0, 5.0, 4.0, 3.0, 3.0, 1.0